
( OBJECT mregion 
   ( ) mregion 
   ( 
      ( 
         ( "2024-01-01-00:00:00.000" "2024-01-02-00:00:00.000" TRUE TRUE ) 
         ( 
            ( 
               ( 
                  ( 123.606797749979 -380.422606518061 61.8033988749894 -190.211303259031 ) 
                  ( 123.606797749979 -380.422606518061 117.557050458495 -161.80339887499 ) 
                  ( 323.606797749979 -235.114100916989 117.557050458495 -161.80339887499 ) 
                  ( 323.606797749979 -235.114100916989 161.803398874989 -117.557050458495 ) 
                  ( 323.606797749979 -235.114100916989 190.211303259031 -61.8033988749895 ) 
                  ( 400 0 190.211303259031 -61.8033988749895 ) 
                  ( 400 0 200 0 ) 
                  ( 400 0 190.211303259031 61.8033988749895 ) 
                  ( 323.606797749979 235.114100916989 190.211303259031 61.8033988749895 ) 
                  ( 323.606797749979 235.114100916989 161.803398874989 117.557050458495 ) 
                  ( 323.606797749979 235.114100916989 117.557050458495 161.803398874989 ) 
                  ( 123.606797749979 380.422606518061 117.557050458495 161.803398874989 ) 
                  ( 123.606797749979 380.422606518061 61.8033988749895 190.211303259031 ) 
                  ( 123.606797749979 380.422606518061 0 200 ) 
                  ( -123.606797749979 380.422606518061 0 200 ) 
                  ( -123.606797749979 380.422606518061 -61.8033988749895 190.211303259031 ) 
                  ( -123.606797749979 380.422606518061 -117.557050458495 161.803398874989 ) 
                  ( -323.606797749979 235.114100916989 -117.557050458495 161.803398874989 ) 
                  ( -323.606797749979 235.114100916989 -161.803398874989 117.557050458495 ) 
                  ( -323.606797749979 235.114100916989 -190.211303259031 61.8033988749895 ) 
                  ( -400 0 -190.211303259031 61.8033988749895 ) 
                  ( -400 0 -200 0 ) 
                  ( -400 0 -190.211303259031 -61.8033988749895 ) 
                  ( -323.606797749979 -235.114100916989 -190.211303259031 -61.8033988749895 ) 
                  ( -323.606797749979 -235.114100916989 -161.80339887499 -117.557050458495 ) 
                  ( -323.606797749979 -235.114100916989 -117.557050458495 -161.803398874989 ) 
                  ( -123.606797749979 -380.422606518061 -117.557050458495 -161.803398874989 ) 
                  ( -123.606797749979 -380.422606518061 -61.8033988749895 -190.211303259031 ) 
                  ( -123.606797749979 -380.422606518061 0 -200 ) 
                  ( 123.606797749979 -380.422606518061 0 -200 ) ) ) ) ) ) )
