
( OBJECT mregion 
   ( ) mregion 
   ( 
      ( 
         ( "2024-01-01-00:00:00.000" "2024-01-02-00:00:00.000" TRUE TRUE ) 
         ( 
            ( 
               ( 
                  ( 123.606797749979 -380.422606518061 3.14146346236426 -199.975326496332 ) 
                  ( 123.606797749979 -380.422606518061 6.28215181562576 -199.901312073146 ) 
                  ( 123.606797749979 -380.422606518061 9.42129014192862 -199.777974992394 ) 
                  ( 123.606797749979 -380.422606518061 12.5581039058627 -199.605345685654 ) 
                  ( 123.606797749979 -380.422606518061 15.691819145569 -199.383466746626 ) 
                  ( 123.606797749979 -380.422606518061 18.8216626637029 -199.112392920616 ) 
                  ( 123.606797749979 -380.422606518061 21.9468622182091 -198.792191091036 ) 
                  ( 123.606797749979 -380.422606518061 25.0666467128608 -198.422940262896 ) 
                  ( 123.606797749979 -380.422606518061 28.1802463875165 -198.004731543311 ) 
                  ( 123.606797749979 -380.422606518061 31.2868930080461 -197.537668119028 ) 
                  ( 123.606797749979 -380.422606518061 34.385820055882 -197.021865230955 ) 
                  ( 123.606797749979 -380.422606518061 37.476262917145 -196.457450145738 ) 
                  ( 123.606797749979 -380.422606518061 40.5574590713026 -195.844562124353 ) 
                  ( 123.606797749979 -380.422606518061 43.6286482793086 -195.183352387749 ) 
                  ( 123.606797749979 -380.422606518061 46.6890727711811 -194.473984079535 ) 
                  ( 123.606797749979 -380.422606518061 49.737977432971 -193.716632225726 ) 
                  ( 123.606797749979 -380.422606518061 52.7746099930746 -192.91148369156 ) 
                  ( 123.606797749979 -380.422606518061 55.7982212078458 -192.058737135389 ) 
                  ( 123.606797749979 -380.422606518061 58.8080650464608 -191.158602959666 ) 
                  ( 123.606797749979 -380.422606518061 61.8033988749894 -190.211303259031 ) 
                  ( 123.606797749979 -380.422606518061 64.78348363963 -189.217071765509 ) 
                  ( 123.606797749979 -380.422606518061 67.7475840490584 -188.176153790845 ) 
                  ( 123.606797749979 -380.422606518061 70.6949687558515 -187.088806165973 ) 
                  ( 123.606797749979 -380.422606518061 73.6249105369356 -185.95529717765 ) 
                  ( 123.606797749979 -380.422606518061 76.536686473018 -184.775906502257 ) 
                  ( 123.606797749979 -380.422606518061 79.4295781269561 -183.550925136796 ) 
                  ( 123.606797749979 -380.422606518061 82.3028717210218 -182.280655327089 ) 
                  ( 123.606797749979 -380.422606518061 85.1558583130145 -180.965410493204 ) 
                  ( 123.606797749979 -380.422606518061 87.987833971183 -179.605515152123 ) 
                  ( 123.606797749979 -380.422606518061 90.7980999479095 -178.201304837674 ) 
                  ( 123.606797749979 -380.422606518061 93.5859628521148 -176.753126017739 ) 
                  ( 123.606797749979 -380.422606518061 96.3507348203431 -175.261336008773 ) 
                  ( 123.606797749979 -380.422606518061 99.0917336864816 -173.726302887638 ) 
                  ( 123.606797749979 -380.422606518061 101.808283150074 -172.148405400789 ) 
                  ( 123.606797749979 -380.422606518061 104.49971294319 -170.528032870818 ) 
                  ( 123.606797749979 -380.422606518061 107.165358995799 -168.865585100403 ) 
                  ( 123.606797749979 -380.422606518061 109.804563599626 -167.161472273654 ) 
                  ( 123.606797749979 -380.422606518061 112.416675570426 -165.416114854912 ) 
                  ( 123.606797749979 -380.422606518061 115.001050408656 -163.629943485005 ) 
                  ( 123.606797749979 -380.422606518061 117.557050458495 -161.803398874989 ) 
                  ( 323.606797749979 -235.114100916989 117.557050458495 -161.803398874989 ) 
                  ( 323.606797749979 -235.114100916989 120.084045065177 -159.936931697418 ) 
                  ( 323.606797749979 -235.114100916989 122.581410730595 -158.031002475138 ) 
                  ( 323.606797749979 -235.114100916989 125.048531267141 -156.086081467666 ) 
                  ( 323.606797749979 -235.114100916989 127.484797949738 -154.102648555158 ) 
                  ( 323.606797749979 -235.114100916989 129.889609666037 -152.081193120006 ) 
                  ( 323.606797749979 -235.114100916989 132.26237306473 -150.022213926092 ) 
                  ( 323.606797749979 -235.114100916989 134.602502701955 -147.926218995722 ) 
                  ( 323.606797749979 -235.114100916989 136.909421185738 -145.793725484282 ) 
                  ( 323.606797749979 -235.114100916989 139.182559318463 -143.625259552638 ) 
                  ( 323.606797749979 -235.114100916989 141.42135623731 -141.421356237309 ) 
                  ( 323.606797749979 -235.114100916989 143.625259552638 -139.182559318463 ) 
                  ( 323.606797749979 -235.114100916989 145.793725484282 -136.909421185738 ) 
                  ( 323.606797749979 -235.114100916989 147.926218995722 -134.602502701955 ) 
                  ( 323.606797749979 -235.114100916989 150.022213926092 -132.26237306473 ) 
                  ( 323.606797749979 -235.114100916989 152.081193120006 -129.889609666037 ) 
                  ( 323.606797749979 -235.114100916989 154.102648555158 -127.484797949738 ) 
                  ( 323.606797749979 -235.114100916989 156.086081467666 -125.048531267141 ) 
                  ( 323.606797749979 -235.114100916989 158.031002475138 -122.581410730595 ) 
                  ( 323.606797749979 -235.114100916989 159.936931697418 -120.084045065177 ) 
                  ( 323.606797749979 -235.114100916989 161.80339887499 -117.557050458495 ) 
                  ( 323.606797749979 -235.114100916989 163.629943485005 -115.001050408656 ) 
                  ( 323.606797749979 -235.114100916989 165.416114854912 -112.416675570426 ) 
                  ( 323.606797749979 -235.114100916989 167.161472273654 -109.804563599626 ) 
                  ( 323.606797749979 -235.114100916989 168.865585100403 -107.165358995799 ) 
                  ( 323.606797749979 -235.114100916989 170.528032870818 -104.49971294319 ) 
                  ( 323.606797749979 -235.114100916989 172.148405400789 -101.808283150074 ) 
                  ( 323.606797749979 -235.114100916989 173.726302887638 -99.0917336864815 ) 
                  ( 323.606797749979 -235.114100916989 175.261336008773 -96.3507348203431 ) 
                  ( 323.606797749979 -235.114100916989 176.753126017739 -93.5859628521147 ) 
                  ( 323.606797749979 -235.114100916989 178.201304837674 -90.7980999479092 ) 
                  ( 323.606797749979 -235.114100916989 179.605515152123 -87.9878339711829 ) 
                  ( 323.606797749979 -235.114100916989 180.965410493204 -85.1558583130144 ) 
                  ( 323.606797749979 -235.114100916989 182.280655327089 -82.3028717210217 ) 
                  ( 323.606797749979 -235.114100916989 183.550925136796 -79.4295781269561 ) 
                  ( 323.606797749979 -235.114100916989 184.775906502257 -76.5366864730179 ) 
                  ( 323.606797749979 -235.114100916989 185.95529717765 -73.6249105369356 ) 
                  ( 323.606797749979 -235.114100916989 187.088806165973 -70.6949687558514 ) 
                  ( 323.606797749979 -235.114100916989 188.176153790845 -67.7475840490583 ) 
                  ( 323.606797749979 -235.114100916989 189.217071765509 -64.7834836396299 ) 
                  ( 323.606797749979 -235.114100916989 190.211303259031 -61.8033988749894 ) 
                  ( 400 0 190.211303259031 -61.8033988749894 ) 
                  ( 400 0 191.158602959666 -58.8080650464607 ) 
                  ( 400 0 192.058737135389 -55.7982212078458 ) 
                  ( 400 0 192.91148369156 -52.7746099930745 ) 
                  ( 400 0 193.716632225726 -49.7379774329709 ) 
                  ( 400 0 194.473984079535 -46.689072771181 ) 
                  ( 400 0 195.183352387749 -43.6286482793085 ) 
                  ( 400 0 195.844562124353 -40.5574590713025 ) 
                  ( 400 0 196.457450145738 -37.4762629171449 ) 
                  ( 400 0 197.021865230955 -34.3858200558818 ) 
                  ( 400 0 197.537668119028 -31.286893008046 ) 
                  ( 400 0 198.004731543312 -28.1802463875164 ) 
                  ( 400 0 198.422940262896 -25.0666467128608 ) 
                  ( 400 0 198.792191091036 -21.946862218209 ) 
                  ( 400 0 199.112392920616 -18.8216626637028 ) 
                  ( 400 0 199.383466746626 -15.6918191455689 ) 
                  ( 400 0 199.605345685654 -12.5581039058627 ) 
                  ( 400 0 199.777974992394 -9.42129014192853 ) 
                  ( 400 0 199.901312073146 -6.28215181562567 ) 
                  ( 400 0 199.975326496332 -3.14146346236399 ) 
                  ( 400 0 200 0 ) 
                  ( 400 0 199.975326496332 3.14146346236413 ) 
                  ( 400 0 199.901312073146 6.28215181562566 ) 
                  ( 400 0 199.777974992394 9.42129014192853 ) 
                  ( 400 0 199.605345685654 12.5581039058627 ) 
                  ( 400 0 199.383466746626 15.691819145569 ) 
                  ( 400 0 199.112392920616 18.8216626637029 ) 
                  ( 400 0 198.792191091036 21.9468622182091 ) 
                  ( 400 0 198.422940262896 25.0666467128609 ) 
                  ( 400 0 198.004731543311 28.1802463875165 ) 
                  ( 400 0 197.537668119028 31.2868930080462 ) 
                  ( 400 0 197.021865230955 34.3858200558819 ) 
                  ( 400 0 196.457450145738 37.4762629171449 ) 
                  ( 400 0 195.844562124353 40.5574590713025 ) 
                  ( 400 0 195.183352387749 43.6286482793085 ) 
                  ( 400 0 194.473984079535 46.6890727711811 ) 
                  ( 400 0 193.716632225726 49.737977432971 ) 
                  ( 400 0 192.91148369156 52.7746099930746 ) 
                  ( 400 0 192.058737135389 55.7982212078459 ) 
                  ( 400 0 191.158602959666 58.8080650464608 ) 
                  ( 400 0 190.211303259031 61.8033988749895 ) 
                  ( 323.606797749979 235.114100916989 190.211303259031 61.8033988749895 ) 
                  ( 323.606797749979 235.114100916989 189.217071765509 64.7834836396299 ) 
                  ( 323.606797749979 235.114100916989 188.176153790845 67.7475840490583 ) 
                  ( 323.606797749979 235.114100916989 187.088806165973 70.6949687558514 ) 
                  ( 323.606797749979 235.114100916989 185.95529717765 73.6249105369356 ) 
                  ( 323.606797749979 235.114100916989 184.775906502257 76.536686473018 ) 
                  ( 323.606797749979 235.114100916989 183.550925136796 79.4295781269561 ) 
                  ( 323.606797749979 235.114100916989 182.280655327089 82.3028717210218 ) 
                  ( 323.606797749979 235.114100916989 180.965410493204 85.1558583130145 ) 
                  ( 323.606797749979 235.114100916989 179.605515152123 87.987833971183 ) 
                  ( 323.606797749979 235.114100916989 178.201304837674 90.7980999479094 ) 
                  ( 323.606797749979 235.114100916989 176.753126017739 93.5859628521147 ) 
                  ( 323.606797749979 235.114100916989 175.261336008773 96.3507348203431 ) 
                  ( 323.606797749979 235.114100916989 173.726302887638 99.0917336864815 ) 
                  ( 323.606797749979 235.114100916989 172.148405400789 101.808283150074 ) 
                  ( 323.606797749979 235.114100916989 170.528032870818 104.49971294319 ) 
                  ( 323.606797749979 235.114100916989 168.865585100403 107.165358995799 ) 
                  ( 323.606797749979 235.114100916989 167.161472273654 109.804563599626 ) 
                  ( 323.606797749979 235.114100916989 165.416114854912 112.416675570426 ) 
                  ( 323.606797749979 235.114100916989 163.629943485005 115.001050408656 ) 
                  ( 323.606797749979 235.114100916989 161.803398874989 117.557050458495 ) 
                  ( 323.606797749979 235.114100916989 159.936931697418 120.084045065177 ) 
                  ( 323.606797749979 235.114100916989 158.031002475138 122.581410730595 ) 
                  ( 323.606797749979 235.114100916989 156.086081467666 125.048531267141 ) 
                  ( 323.606797749979 235.114100916989 154.102648555158 127.484797949738 ) 
                  ( 323.606797749979 235.114100916989 152.081193120006 129.889609666037 ) 
                  ( 323.606797749979 235.114100916989 150.022213926092 132.26237306473 ) 
                  ( 323.606797749979 235.114100916989 147.926218995722 134.602502701955 ) 
                  ( 323.606797749979 235.114100916989 145.793725484282 136.909421185738 ) 
                  ( 323.606797749979 235.114100916989 143.625259552638 139.182559318463 ) 
                  ( 323.606797749979 235.114100916989 141.421356237309 141.42135623731 ) 
                  ( 323.606797749979 235.114100916989 139.182559318463 143.625259552638 ) 
                  ( 323.606797749979 235.114100916989 136.909421185738 145.793725484282 ) 
                  ( 323.606797749979 235.114100916989 134.602502701955 147.926218995722 ) 
                  ( 323.606797749979 235.114100916989 132.26237306473 150.022213926092 ) 
                  ( 323.606797749979 235.114100916989 129.889609666037 152.081193120006 ) 
                  ( 323.606797749979 235.114100916989 127.484797949738 154.102648555158 ) 
                  ( 323.606797749979 235.114100916989 125.048531267141 156.086081467666 ) 
                  ( 323.606797749979 235.114100916989 122.581410730595 158.031002475138 ) 
                  ( 323.606797749979 235.114100916989 120.084045065177 159.936931697418 ) 
                  ( 323.606797749979 235.114100916989 117.557050458495 161.803398874989 ) 
                  ( 123.606797749979 380.422606518061 117.557050458495 161.803398874989 ) 
                  ( 123.606797749979 380.422606518061 115.001050408656 163.629943485005 ) 
                  ( 123.606797749979 380.422606518061 112.416675570426 165.416114854912 ) 
                  ( 123.606797749979 380.422606518061 109.804563599626 167.161472273654 ) 
                  ( 123.606797749979 380.422606518061 107.165358995799 168.865585100403 ) 
                  ( 123.606797749979 380.422606518061 104.49971294319 170.528032870818 ) 
                  ( 123.606797749979 380.422606518061 101.808283150074 172.148405400789 ) 
                  ( 123.606797749979 380.422606518061 99.0917336864815 173.726302887638 ) 
                  ( 123.606797749979 380.422606518061 96.350734820343 175.261336008773 ) 
                  ( 123.606797749979 380.422606518061 93.5859628521147 176.753126017739 ) 
                  ( 123.606797749979 380.422606518061 90.7980999479094 178.201304837674 ) 
                  ( 123.606797749979 380.422606518061 87.987833971183 179.605515152123 ) 
                  ( 123.606797749979 380.422606518061 85.1558583130145 180.965410493204 ) 
                  ( 123.606797749979 380.422606518061 82.3028717210217 182.280655327089 ) 
                  ( 123.606797749979 380.422606518061 79.4295781269561 183.550925136796 ) 
                  ( 123.606797749979 380.422606518061 76.536686473018 184.775906502257 ) 
                  ( 123.606797749979 380.422606518061 73.6249105369356 185.95529717765 ) 
                  ( 123.606797749979 380.422606518061 70.6949687558514 187.088806165973 ) 
                  ( 123.606797749979 380.422606518061 67.7475840490582 188.176153790845 ) 
                  ( 123.606797749979 380.422606518061 64.7834836396299 189.217071765509 ) 
                  ( 123.606797749979 380.422606518061 61.8033988749895 190.211303259031 ) 
                  ( 123.606797749979 380.422606518061 58.8080650464608 191.158602959666 ) 
                  ( 123.606797749979 380.422606518061 55.7982212078459 192.058737135389 ) 
                  ( 123.606797749979 380.422606518061 52.7746099930745 192.91148369156 ) 
                  ( 123.606797749979 380.422606518061 49.737977432971 193.716632225726 ) 
                  ( 123.606797749979 380.422606518061 46.6890727711811 194.473984079535 ) 
                  ( 123.606797749979 380.422606518061 43.6286482793085 195.183352387749 ) 
                  ( 123.606797749979 380.422606518061 40.5574590713025 195.844562124353 ) 
                  ( 123.606797749979 380.422606518061 37.4762629171449 196.457450145738 ) 
                  ( 123.606797749979 380.422606518061 34.3858200558819 197.021865230955 ) 
                  ( 123.606797749979 380.422606518061 31.2868930080461 197.537668119028 ) 
                  ( 123.606797749979 380.422606518061 28.1802463875165 198.004731543311 ) 
                  ( 123.606797749979 380.422606518061 25.0666467128609 198.422940262896 ) 
                  ( 123.606797749979 380.422606518061 21.946862218209 198.792191091036 ) 
                  ( 123.606797749979 380.422606518061 18.8216626637029 199.112392920616 ) 
                  ( 123.606797749979 380.422606518061 15.691819145569 199.383466746626 ) 
                  ( 123.606797749979 380.422606518061 12.5581039058627 199.605345685654 ) 
                  ( 123.606797749979 380.422606518061 9.42129014192854 199.777974992394 ) 
                  ( 123.606797749979 380.422606518061 6.28215181562563 199.901312073146 ) 
                  ( 123.606797749979 380.422606518061 3.14146346236413 199.975326496332 ) 
                  ( 123.606797749979 380.422606518061 0 200 ) 
                  ( -123.606797749979 380.422606518061 0 200 ) 
                  ( -123.606797749979 380.422606518061 -3.14146346236415 199.975326496332 ) 
                  ( -123.606797749979 380.422606518061 -6.28215181562566 199.901312073146 ) 
                  ( -123.606797749979 380.422606518061 -9.42129014192856 199.777974992394 ) 
                  ( -123.606797749979 380.422606518061 -12.5581039058627 199.605345685654 ) 
                  ( -123.606797749979 380.422606518061 -15.691819145569 199.383466746626 ) 
                  ( -123.606797749979 380.422606518061 -18.8216626637029 199.112392920616 ) 
                  ( -123.606797749979 380.422606518061 -21.946862218209 198.792191091036 ) 
                  ( -123.606797749979 380.422606518061 -25.0666467128609 198.422940262896 ) 
                  ( -123.606797749979 380.422606518061 -28.1802463875165 198.004731543311 ) 
                  ( -123.606797749979 380.422606518061 -31.2868930080462 197.537668119028 ) 
                  ( -123.606797749979 380.422606518061 -34.3858200558819 197.021865230955 ) 
                  ( -123.606797749979 380.422606518061 -37.476262917145 196.457450145738 ) 
                  ( -123.606797749979 380.422606518061 -40.5574590713025 195.844562124353 ) 
                  ( -123.606797749979 380.422606518061 -43.6286482793085 195.183352387749 ) 
                  ( -123.606797749979 380.422606518061 -46.6890727711811 194.473984079535 ) 
                  ( -123.606797749979 380.422606518061 -49.737977432971 193.716632225726 ) 
                  ( -123.606797749979 380.422606518061 -52.7746099930746 192.91148369156 ) 
                  ( -123.606797749979 380.422606518061 -55.7982212078459 192.058737135389 ) 
                  ( -123.606797749979 380.422606518061 -58.8080650464608 191.158602959666 ) 
                  ( -123.606797749979 380.422606518061 -61.8033988749895 190.211303259031 ) 
                  ( -123.606797749979 380.422606518061 -64.7834836396299 189.217071765509 ) 
                  ( -123.606797749979 380.422606518061 -67.7475840490583 188.176153790845 ) 
                  ( -123.606797749979 380.422606518061 -70.6949687558514 187.088806165973 ) 
                  ( -123.606797749979 380.422606518061 -73.6249105369356 185.95529717765 ) 
                  ( -123.606797749979 380.422606518061 -76.536686473018 184.775906502257 ) 
                  ( -123.606797749979 380.422606518061 -79.4295781269561 183.550925136796 ) 
                  ( -123.606797749979 380.422606518061 -82.3028717210218 182.280655327089 ) 
                  ( -123.606797749979 380.422606518061 -85.1558583130145 180.965410493204 ) 
                  ( -123.606797749979 380.422606518061 -87.987833971183 179.605515152123 ) 
                  ( -123.606797749979 380.422606518061 -90.7980999479093 178.201304837674 ) 
                  ( -123.606797749979 380.422606518061 -93.5859628521147 176.753126017739 ) 
                  ( -123.606797749979 380.422606518061 -96.3507348203431 175.261336008773 ) 
                  ( -123.606797749979 380.422606518061 -99.0917336864815 173.726302887638 ) 
                  ( -123.606797749979 380.422606518061 -101.808283150074 172.148405400789 ) 
                  ( -123.606797749979 380.422606518061 -104.49971294319 170.528032870818 ) 
                  ( -123.606797749979 380.422606518061 -107.165358995799 168.865585100403 ) 
                  ( -123.606797749979 380.422606518061 -109.804563599626 167.161472273654 ) 
                  ( -123.606797749979 380.422606518061 -112.416675570426 165.416114854912 ) 
                  ( -123.606797749979 380.422606518061 -115.001050408656 163.629943485005 ) 
                  ( -123.606797749979 380.422606518061 -117.557050458495 161.803398874989 ) 
                  ( -323.606797749979 235.114100916989 -117.557050458495 161.803398874989 ) 
                  ( -323.606797749979 235.114100916989 -120.084045065177 159.936931697418 ) 
                  ( -323.606797749979 235.114100916989 -122.581410730595 158.031002475138 ) 
                  ( -323.606797749979 235.114100916989 -125.048531267141 156.086081467666 ) 
                  ( -323.606797749979 235.114100916989 -127.484797949738 154.102648555158 ) 
                  ( -323.606797749979 235.114100916989 -129.889609666037 152.081193120006 ) 
                  ( -323.606797749979 235.114100916989 -132.26237306473 150.022213926092 ) 
                  ( -323.606797749979 235.114100916989 -134.602502701955 147.926218995722 ) 
                  ( -323.606797749979 235.114100916989 -136.909421185738 145.793725484282 ) 
                  ( -323.606797749979 235.114100916989 -139.182559318463 143.625259552638 ) 
                  ( -323.606797749979 235.114100916989 -141.421356237309 141.42135623731 ) 
                  ( -323.606797749979 235.114100916989 -143.625259552638 139.182559318463 ) 
                  ( -323.606797749979 235.114100916989 -145.793725484282 136.909421185738 ) 
                  ( -323.606797749979 235.114100916989 -147.926218995722 134.602502701955 ) 
                  ( -323.606797749979 235.114100916989 -150.022213926092 132.26237306473 ) 
                  ( -323.606797749979 235.114100916989 -152.081193120006 129.889609666037 ) 
                  ( -323.606797749979 235.114100916989 -154.102648555158 127.484797949738 ) 
                  ( -323.606797749979 235.114100916989 -156.086081467666 125.048531267141 ) 
                  ( -323.606797749979 235.114100916989 -158.031002475138 122.581410730595 ) 
                  ( -323.606797749979 235.114100916989 -159.936931697418 120.084045065177 ) 
                  ( -323.606797749979 235.114100916989 -161.803398874989 117.557050458495 ) 
                  ( -323.606797749979 235.114100916989 -163.629943485005 115.001050408656 ) 
                  ( -323.606797749979 235.114100916989 -165.416114854912 112.416675570426 ) 
                  ( -323.606797749979 235.114100916989 -167.161472273654 109.804563599626 ) 
                  ( -323.606797749979 235.114100916989 -168.865585100403 107.165358995799 ) 
                  ( -323.606797749979 235.114100916989 -170.528032870818 104.49971294319 ) 
                  ( -323.606797749979 235.114100916989 -172.148405400789 101.808283150074 ) 
                  ( -323.606797749979 235.114100916989 -173.726302887638 99.0917336864815 ) 
                  ( -323.606797749979 235.114100916989 -175.261336008773 96.350734820343 ) 
                  ( -323.606797749979 235.114100916989 -176.753126017739 93.5859628521147 ) 
                  ( -323.606797749979 235.114100916989 -178.201304837674 90.7980999479093 ) 
                  ( -323.606797749979 235.114100916989 -179.605515152123 87.987833971183 ) 
                  ( -323.606797749979 235.114100916989 -180.965410493204 85.1558583130145 ) 
                  ( -323.606797749979 235.114100916989 -182.280655327089 82.3028717210217 ) 
                  ( -323.606797749979 235.114100916989 -183.550925136796 79.4295781269561 ) 
                  ( -323.606797749979 235.114100916989 -184.775906502257 76.5366864730179 ) 
                  ( -323.606797749979 235.114100916989 -185.95529717765 73.6249105369355 ) 
                  ( -323.606797749979 235.114100916989 -187.088806165973 70.6949687558514 ) 
                  ( -323.606797749979 235.114100916989 -188.176153790845 67.7475840490583 ) 
                  ( -323.606797749979 235.114100916989 -189.217071765509 64.7834836396299 ) 
                  ( -323.606797749979 235.114100916989 -190.211303259031 61.8033988749894 ) 
                  ( -400 0 -190.211303259031 61.8033988749894 ) 
                  ( -400 0 -191.158602959666 58.8080650464607 ) 
                  ( -400 0 -192.058737135389 55.7982212078458 ) 
                  ( -400 0 -192.91148369156 52.7746099930746 ) 
                  ( -400 0 -193.716632225726 49.737977432971 ) 
                  ( -400 0 -194.473984079535 46.689072771181 ) 
                  ( -400 0 -195.183352387749 43.6286482793085 ) 
                  ( -400 0 -195.844562124353 40.5574590713025 ) 
                  ( -400 0 -196.457450145738 37.4762629171449 ) 
                  ( -400 0 -197.021865230955 34.3858200558819 ) 
                  ( -400 0 -197.537668119028 31.2868930080461 ) 
                  ( -400 0 -198.004731543312 28.1802463875165 ) 
                  ( -400 0 -198.422940262896 25.0666467128608 ) 
                  ( -400 0 -198.792191091036 21.946862218209 ) 
                  ( -400 0 -199.112392920616 18.8216626637029 ) 
                  ( -400 0 -199.383466746626 15.6918191455689 ) 
                  ( -400 0 -199.605345685654 12.5581039058626 ) 
                  ( -400 0 -199.777974992394 9.4212901419285 ) 
                  ( -400 0 -199.901312073146 6.28215181562565 ) 
                  ( -400 0 -199.975326496332 3.14146346236414 ) 
                  ( -400 0 -200 0 ) 
                  ( -400 0 -199.975326496332 -3.14146346236418 ) 
                  ( -400 0 -199.901312073146 -6.28215181562569 ) 
                  ( -400 0 -199.777974992394 -9.42129014192854 ) 
                  ( -400 0 -199.605345685654 -12.5581039058627 ) 
                  ( -400 0 -199.383466746626 -15.6918191455691 ) 
                  ( -400 0 -199.112392920616 -18.8216626637029 ) 
                  ( -400 0 -198.792191091036 -21.9468622182091 ) 
                  ( -400 0 -198.422940262896 -25.0666467128609 ) 
                  ( -400 0 -198.004731543311 -28.1802463875165 ) 
                  ( -400 0 -197.537668119028 -31.2868930080462 ) 
                  ( -400 0 -197.021865230955 -34.385820055882 ) 
                  ( -400 0 -196.457450145738 -37.476262917145 ) 
                  ( -400 0 -195.844562124353 -40.5574590713025 ) 
                  ( -400 0 -195.183352387749 -43.6286482793085 ) 
                  ( -400 0 -194.473984079535 -46.6890727711811 ) 
                  ( -400 0 -193.716632225726 -49.737977432971 ) 
                  ( -400 0 -192.91148369156 -52.7746099930746 ) 
                  ( -400 0 -192.058737135389 -55.7982212078459 ) 
                  ( -400 0 -191.158602959666 -58.8080650464608 ) 
                  ( -400 0 -190.211303259031 -61.8033988749895 ) 
                  ( -323.606797749979 -235.114100916989 -190.211303259031 -61.8033988749895 ) 
                  ( -323.606797749979 -235.114100916989 -189.217071765509 -64.7834836396299 ) 
                  ( -323.606797749979 -235.114100916989 -188.176153790845 -67.7475840490583 ) 
                  ( -323.606797749979 -235.114100916989 -187.088806165973 -70.6949687558514 ) 
                  ( -323.606797749979 -235.114100916989 -185.95529717765 -73.6249105369357 ) 
                  ( -323.606797749979 -235.114100916989 -184.775906502257 -76.536686473018 ) 
                  ( -323.606797749979 -235.114100916989 -183.550925136796 -79.4295781269562 ) 
                  ( -323.606797749979 -235.114100916989 -182.280655327089 -82.3028717210218 ) 
                  ( -323.606797749979 -235.114100916989 -180.965410493204 -85.1558583130145 ) 
                  ( -323.606797749979 -235.114100916989 -179.605515152123 -87.9878339711831 ) 
                  ( -323.606797749979 -235.114100916989 -178.201304837674 -90.7980999479094 ) 
                  ( -323.606797749979 -235.114100916989 -176.753126017739 -93.5859628521147 ) 
                  ( -323.606797749979 -235.114100916989 -175.261336008773 -96.3507348203431 ) 
                  ( -323.606797749979 -235.114100916989 -173.726302887638 -99.0917336864815 ) 
                  ( -323.606797749979 -235.114100916989 -172.148405400789 -101.808283150074 ) 
                  ( -323.606797749979 -235.114100916989 -170.528032870818 -104.49971294319 ) 
                  ( -323.606797749979 -235.114100916989 -168.865585100403 -107.165358995799 ) 
                  ( -323.606797749979 -235.114100916989 -167.161472273654 -109.804563599626 ) 
                  ( -323.606797749979 -235.114100916989 -165.416114854912 -112.416675570426 ) 
                  ( -323.606797749979 -235.114100916989 -163.629943485005 -115.001050408656 ) 
                  ( -323.606797749979 -235.114100916989 -161.803398874989 -117.557050458495 ) 
                  ( -323.606797749979 -235.114100916989 -159.936931697418 -120.084045065177 ) 
                  ( -323.606797749979 -235.114100916989 -158.031002475138 -122.581410730595 ) 
                  ( -323.606797749979 -235.114100916989 -156.086081467666 -125.048531267141 ) 
                  ( -323.606797749979 -235.114100916989 -154.102648555158 -127.484797949738 ) 
                  ( -323.606797749979 -235.114100916989 -152.081193120006 -129.889609666037 ) 
                  ( -323.606797749979 -235.114100916989 -150.022213926092 -132.26237306473 ) 
                  ( -323.606797749979 -235.114100916989 -147.926218995722 -134.602502701955 ) 
                  ( -323.606797749979 -235.114100916989 -145.793725484282 -136.909421185738 ) 
                  ( -323.606797749979 -235.114100916989 -143.625259552638 -139.182559318463 ) 
                  ( -323.606797749979 -235.114100916989 -141.421356237309 -141.42135623731 ) 
                  ( -323.606797749979 -235.114100916989 -139.182559318463 -143.625259552638 ) 
                  ( -323.606797749979 -235.114100916989 -136.909421185738 -145.793725484282 ) 
                  ( -323.606797749979 -235.114100916989 -134.602502701955 -147.926218995722 ) 
                  ( -323.606797749979 -235.114100916989 -132.26237306473 -150.022213926092 ) 
                  ( -323.606797749979 -235.114100916989 -129.889609666037 -152.081193120006 ) 
                  ( -323.606797749979 -235.114100916989 -127.484797949738 -154.102648555158 ) 
                  ( -323.606797749979 -235.114100916989 -125.048531267141 -156.086081467666 ) 
                  ( -323.606797749979 -235.114100916989 -122.581410730595 -158.031002475138 ) 
                  ( -323.606797749979 -235.114100916989 -120.084045065177 -159.936931697418 ) 
                  ( -323.606797749979 -235.114100916989 -117.557050458495 -161.803398874989 ) 
                  ( -123.606797749979 -380.422606518061 -117.557050458495 -161.803398874989 ) 
                  ( -123.606797749979 -380.422606518061 -115.001050408656 -163.629943485005 ) 
                  ( -123.606797749979 -380.422606518061 -112.416675570426 -165.416114854912 ) 
                  ( -123.606797749979 -380.422606518061 -109.804563599626 -167.161472273654 ) 
                  ( -123.606797749979 -380.422606518061 -107.165358995799 -168.865585100403 ) 
                  ( -123.606797749979 -380.422606518061 -104.49971294319 -170.528032870818 ) 
                  ( -123.606797749979 -380.422606518061 -101.808283150074 -172.148405400789 ) 
                  ( -123.606797749979 -380.422606518061 -99.0917336864815 -173.726302887638 ) 
                  ( -123.606797749979 -380.422606518061 -96.350734820343 -175.261336008773 ) 
                  ( -123.606797749979 -380.422606518061 -93.5859628521147 -176.753126017739 ) 
                  ( -123.606797749979 -380.422606518061 -90.7980999479094 -178.201304837674 ) 
                  ( -123.606797749979 -380.422606518061 -87.9878339711829 -179.605515152123 ) 
                  ( -123.606797749979 -380.422606518061 -85.1558583130144 -180.965410493204 ) 
                  ( -123.606797749979 -380.422606518061 -82.3028717210217 -182.280655327089 ) 
                  ( -123.606797749979 -380.422606518061 -79.4295781269561 -183.550925136796 ) 
                  ( -123.606797749979 -380.422606518061 -76.5366864730179 -184.775906502257 ) 
                  ( -123.606797749979 -380.422606518061 -73.6249105369356 -185.95529717765 ) 
                  ( -123.606797749979 -380.422606518061 -70.6949687558514 -187.088806165973 ) 
                  ( -123.606797749979 -380.422606518061 -67.7475840490583 -188.176153790845 ) 
                  ( -123.606797749979 -380.422606518061 -64.7834836396299 -189.217071765509 ) 
                  ( -123.606797749979 -380.422606518061 -61.8033988749895 -190.211303259031 ) 
                  ( -123.606797749979 -380.422606518061 -58.8080650464607 -191.158602959666 ) 
                  ( -123.606797749979 -380.422606518061 -55.7982212078457 -192.058737135389 ) 
                  ( -123.606797749979 -380.422606518061 -52.7746099930745 -192.91148369156 ) 
                  ( -123.606797749979 -380.422606518061 -49.7379774329709 -193.716632225726 ) 
                  ( -123.606797749979 -380.422606518061 -46.689072771181 -194.473984079535 ) 
                  ( -123.606797749979 -380.422606518061 -43.6286482793085 -195.183352387749 ) 
                  ( -123.606797749979 -380.422606518061 -40.5574590713025 -195.844562124353 ) 
                  ( -123.606797749979 -380.422606518061 -37.4762629171449 -196.457450145738 ) 
                  ( -123.606797749979 -380.422606518061 -34.3858200558819 -197.021865230955 ) 
                  ( -123.606797749979 -380.422606518061 -31.2868930080462 -197.537668119028 ) 
                  ( -123.606797749979 -380.422606518061 -28.1802463875164 -198.004731543312 ) 
                  ( -123.606797749979 -380.422606518061 -25.0666467128607 -198.422940262896 ) 
                  ( -123.606797749979 -380.422606518061 -21.946862218209 -198.792191091036 ) 
                  ( -123.606797749979 -380.422606518061 -18.8216626637028 -199.112392920616 ) 
                  ( -123.606797749979 -380.422606518061 -15.6918191455689 -199.383466746626 ) 
                  ( -123.606797749979 -380.422606518061 -12.5581039058626 -199.605345685654 ) 
                  ( -123.606797749979 -380.422606518061 -9.42129014192851 -199.777974992394 ) 
                  ( -123.606797749979 -380.422606518061 -6.28215181562566 -199.901312073146 ) 
                  ( -123.606797749979 -380.422606518061 -3.14146346236415 -199.975326496332 ) 
                  ( -123.606797749979 -380.422606518061 0 -200 ) 
                  ( 123.606797749979 -380.422606518061 0 -200 ) ) ) ) ) ) )
