
( OBJECT mregion 
   ( ) mregion 
   ( 
      ( 
         ( "2024-01-01-00:00:00.000" "2024-01-02-00:00:00.000" TRUE TRUE ) 
         ( 
            ( 
               ( 
                  ( 123.606797749979 -380.422606518061 2.51320797667051 -199.984208840763 ) 
                  ( 123.606797749979 -380.422606518061 5.0260190886675 -199.93683785666 ) 
                  ( 123.606797749979 -380.422606518061 7.53803653398693 -199.857894528118 ) 
                  ( 123.606797749979 -380.422606518061 10.048863635954 -199.747391321203 ) 
                  ( 123.606797749979 -380.422606518061 12.5581039058627 -199.605345685654 ) 
                  ( 123.606797749979 -380.422606518061 15.0653611055866 -199.431780052123 ) 
                  ( 123.606797749979 -380.422606518061 17.5702393101486 -199.226721828635 ) 
                  ( 123.606797749979 -380.422606518061 20.0723429702429 -198.99020339626 ) 
                  ( 123.606797749979 -380.422606518061 22.5712769746963 -198.722262104002 ) 
                  ( 123.606797749979 -380.422606518061 25.0666467128608 -198.422940262896 ) 
                  ( 123.606797749979 -380.422606518061 27.5580581369276 -198.09228513933 ) 
                  ( 123.606797749979 -380.422606518061 30.0451178241515 -197.730348947583 ) 
                  ( 123.606797749979 -380.422606518061 32.5274330389768 -197.337188841574 ) 
                  ( 123.606797749979 -380.422606518061 35.0046117950553 -196.912866905841 ) 
                  ( 123.606797749979 -380.422606518061 37.476262917145 -196.457450145738 ) 
                  ( 123.606797749979 -380.422606518061 39.9419961028813 -195.971010476849 ) 
                  ( 123.606797749979 -380.422606518061 42.4014219844109 -195.453624713639 ) 
                  ( 123.606797749979 -380.422606518061 44.8541521898762 -194.905374557315 ) 
                  ( 123.606797749979 -380.422606518061 47.2997994047449 -194.326346582935 ) 
                  ( 123.606797749979 -380.422606518061 49.737977432971 -193.716632225726 ) 
                  ( 123.606797749979 -380.422606518061 52.1683012579794 -193.076327766655 ) 
                  ( 123.606797749979 -380.422606518061 54.5903871034651 -192.405534317217 ) 
                  ( 123.606797749979 -380.422606518061 57.0038524939953 -191.704357803475 ) 
                  ( 123.606797749979 -380.422606518061 59.4083163154069 -190.972908949329 ) 
                  ( 123.606797749979 -380.422606518061 61.8033988749894 -190.211303259031 ) 
                  ( 123.606797749979 -380.422606518061 64.1887219614419 -189.419660998949 ) 
                  ( 123.606797749979 -380.422606518061 66.5639089045973 -188.598107178573 ) 
                  ( 123.606797749979 -380.422606518061 68.9285846349034 -187.746771530775 ) 
                  ( 123.606797749979 -380.422606518061 71.2823757426502 -186.865788491322 ) 
                  ( 123.606797749979 -380.422606518061 73.6249105369356 -185.95529717765 ) 
                  ( 123.606797749979 -380.422606518061 75.9558191043603 -185.015441366892 ) 
                  ( 123.606797749979 -380.422606518061 78.2747333674406 -184.046369473174 ) 
                  ( 123.606797749979 -380.422606518061 80.5812871427325 -183.048234524184 ) 
                  ( 123.606797749979 -380.422606518061 82.8751161986568 -182.021194136999 ) 
                  ( 123.606797749979 -380.422606518061 85.1558583130145 -180.965410493204 ) 
                  ( 123.606797749979 -380.422606518061 87.4231533301866 -179.881050313274 ) 
                  ( 123.606797749979 -380.422606518061 89.6766432180065 -178.768284830253 ) 
                  ( 123.606797749979 -380.422606518061 91.9159721242976 -177.627289762709 ) 
                  ( 123.606797749979 -380.422606518061 94.1407864330666 -176.458245286991 ) 
                  ( 123.606797749979 -380.422606518061 96.3507348203431 -175.261336008773 ) 
                  ( 123.606797749979 -380.422606518061 98.5454683096583 -174.036750933905 ) 
                  ( 123.606797749979 -380.422606518061 100.724640327152 -172.784683438567 ) 
                  ( 123.606797749979 -380.422606518061 102.887906756301 -171.50533123873 ) 
                  ( 123.606797749979 -380.422606518061 105.034925992259 -170.198896358938 ) 
                  ( 123.606797749979 -380.422606518061 107.165358995799 -168.865585100403 ) 
                  ( 123.606797749979 -380.422606518061 109.278869346854 -167.505608008428 ) 
                  ( 123.606797749979 -380.422606518061 111.375123297638 -166.119179839162 ) 
                  ( 123.606797749979 -380.422606518061 113.453789825351 -164.706519525685 ) 
                  ( 123.606797749979 -380.422606518061 115.514540684453 -163.267850143437 ) 
                  ( 123.606797749979 -380.422606518061 117.557050458495 -161.80339887499 ) 
                  ( 323.606797749979 -235.114100916989 117.557050458495 -161.80339887499 ) 
                  ( 323.606797749979 -235.114100916989 119.580996611504 -160.313396974175 ) 
                  ( 323.606797749979 -235.114100916989 121.586059538921 -158.798079729567 ) 
                  ( 323.606797749979 -235.114100916989 123.571922618067 -157.257686427324 ) 
                  ( 323.606797749979 -235.114100916989 125.53827225814 -155.692460313405 ) 
                  ( 323.606797749979 -235.114100916989 127.484797949738 -154.102648555158 ) 
                  ( 323.606797749979 -235.114100916989 129.411192313889 -152.48850220229 ) 
                  ( 323.606797749979 -235.114100916989 131.317151150591 -150.850276147221 ) 
                  ( 323.606797749979 -235.114100916989 133.20237348685 -149.188229084836 ) 
                  ( 323.606797749979 -235.114100916989 135.066561624205 -147.502623471635 ) 
                  ( 323.606797749979 -235.114100916989 136.909421185738 -145.793725484282 ) 
                  ( 323.606797749979 -235.114100916989 138.730661162561 -144.061804977581 ) 
                  ( 323.606797749979 -235.114100916989 140.52999395977 -142.307135441857 ) 
                  ( 323.606797749979 -235.114100916989 142.307135441857 -140.52999395977 ) 
                  ( 323.606797749979 -235.114100916989 144.061804977581 -138.730661162561 ) 
                  ( 323.606797749979 -235.114100916989 145.793725484282 -136.909421185738 ) 
                  ( 323.606797749979 -235.114100916989 147.502623471635 -135.066561624205 ) 
                  ( 323.606797749979 -235.114100916989 149.188229084836 -133.20237348685 ) 
                  ( 323.606797749979 -235.114100916989 150.850276147221 -131.317151150591 ) 
                  ( 323.606797749979 -235.114100916989 152.48850220229 -129.411192313889 ) 
                  ( 323.606797749979 -235.114100916989 154.102648555158 -127.484797949738 ) 
                  ( 323.606797749979 -235.114100916989 155.692460313405 -125.53827225814 ) 
                  ( 323.606797749979 -235.114100916989 157.257686427324 -123.571922618067 ) 
                  ( 323.606797749979 -235.114100916989 158.798079729567 -121.586059538921 ) 
                  ( 323.606797749979 -235.114100916989 160.313396974175 -119.580996611504 ) 
                  ( 323.606797749979 -235.114100916989 161.803398874989 -117.557050458495 ) 
                  ( 323.606797749979 -235.114100916989 163.267850143437 -115.514540684454 ) 
                  ( 323.606797749979 -235.114100916989 164.706519525685 -113.453789825351 ) 
                  ( 323.606797749979 -235.114100916989 166.119179839163 -111.375123297638 ) 
                  ( 323.606797749979 -235.114100916989 167.505608008428 -109.278869346854 ) 
                  ( 323.606797749979 -235.114100916989 168.865585100403 -107.165358995799 ) 
                  ( 323.606797749979 -235.114100916989 170.198896358938 -105.034925992259 ) 
                  ( 323.606797749979 -235.114100916989 171.505331238731 -102.887906756301 ) 
                  ( 323.606797749979 -235.114100916989 172.784683438567 -100.724640327152 ) 
                  ( 323.606797749979 -235.114100916989 174.036750933905 -98.5454683096583 ) 
                  ( 323.606797749979 -235.114100916989 175.261336008773 -96.3507348203431 ) 
                  ( 323.606797749979 -235.114100916989 176.458245286991 -94.1407864330665 ) 
                  ( 323.606797749979 -235.114100916989 177.627289762709 -91.9159721242975 ) 
                  ( 323.606797749979 -235.114100916989 178.768284830253 -89.6766432180064 ) 
                  ( 323.606797749979 -235.114100916989 179.881050313274 -87.4231533301865 ) 
                  ( 323.606797749979 -235.114100916989 180.965410493204 -85.1558583130144 ) 
                  ( 323.606797749979 -235.114100916989 182.021194136999 -82.8751161986569 ) 
                  ( 323.606797749979 -235.114100916989 183.048234524183 -80.5812871427326 ) 
                  ( 323.606797749979 -235.114100916989 184.046369473174 -78.2747333674405 ) 
                  ( 323.606797749979 -235.114100916989 185.015441366892 -75.9558191043602 ) 
                  ( 323.606797749979 -235.114100916989 185.95529717765 -73.6249105369356 ) 
                  ( 323.606797749979 -235.114100916989 186.865788491322 -71.2823757426501 ) 
                  ( 323.606797749979 -235.114100916989 187.746771530775 -68.9285846349033 ) 
                  ( 323.606797749979 -235.114100916989 188.598107178573 -66.5639089045972 ) 
                  ( 323.606797749979 -235.114100916989 189.419660998949 -64.1887219614418 ) 
                  ( 323.606797749979 -235.114100916989 190.211303259031 -61.8033988749895 ) 
                  ( 400 0 190.211303259031 -61.8033988749895 ) 
                  ( 400 0 190.972908949329 -59.408316315407 ) 
                  ( 400 0 191.704357803475 -57.0038524939952 ) 
                  ( 400 0 192.405534317217 -54.590387103465 ) 
                  ( 400 0 193.076327766655 -52.1683012579794 ) 
                  ( 400 0 193.716632225726 -49.7379774329709 ) 
                  ( 400 0 194.326346582935 -47.2997994047449 ) 
                  ( 400 0 194.905374557315 -44.8541521898761 ) 
                  ( 400 0 195.453624713639 -42.401421984411 ) 
                  ( 400 0 195.971010476849 -39.9419961028814 ) 
                  ( 400 0 196.457450145738 -37.4762629171449 ) 
                  ( 400 0 196.912866905841 -35.0046117950552 ) 
                  ( 400 0 197.337188841574 -32.5274330389767 ) 
                  ( 400 0 197.730348947583 -30.0451178241514 ) 
                  ( 400 0 198.09228513933 -27.5580581369275 ) 
                  ( 400 0 198.422940262896 -25.0666467128608 ) 
                  ( 400 0 198.722262104002 -22.5712769746962 ) 
                  ( 400 0 198.99020339626 -20.072342970243 ) 
                  ( 400 0 199.226721828635 -17.5702393101487 ) 
                  ( 400 0 199.431780052123 -15.0653611055865 ) 
                  ( 400 0 199.605345685654 -12.5581039058627 ) 
                  ( 400 0 199.747391321203 -10.0488636359539 ) 
                  ( 400 0 199.857894528118 -7.53803653398684 ) 
                  ( 400 0 199.93683785666 -5.02601908866741 ) 
                  ( 400 0 199.984208840763 -2.51320797667041 ) 
                  ( 400 0 200 0 ) 
                  ( 400 0 199.984208840763 2.51320797667052 ) 
                  ( 400 0 199.93683785666 5.0260190886675 ) 
                  ( 400 0 199.857894528118 7.53803653398691 ) 
                  ( 400 0 199.747391321203 10.0488636359539 ) 
                  ( 400 0 199.605345685654 12.5581039058627 ) 
                  ( 400 0 199.431780052123 15.0653611055865 ) 
                  ( 400 0 199.226721828635 17.5702393101486 ) 
                  ( 400 0 198.99020339626 20.072342970243 ) 
                  ( 400 0 198.722262104002 22.5712769746963 ) 
                  ( 400 0 198.422940262896 25.0666467128609 ) 
                  ( 400 0 198.09228513933 27.5580581369276 ) 
                  ( 400 0 197.730348947583 30.0451178241514 ) 
                  ( 400 0 197.337188841574 32.5274330389767 ) 
                  ( 400 0 196.912866905841 35.0046117950552 ) 
                  ( 400 0 196.457450145738 37.4762629171449 ) 
                  ( 400 0 195.971010476849 39.9419961028814 ) 
                  ( 400 0 195.453624713639 42.4014219844109 ) 
                  ( 400 0 194.905374557315 44.8541521898762 ) 
                  ( 400 0 194.326346582935 47.2997994047449 ) 
                  ( 400 0 193.716632225726 49.737977432971 ) 
                  ( 400 0 193.076327766655 52.1683012579794 ) 
                  ( 400 0 192.405534317217 54.590387103465 ) 
                  ( 400 0 191.704357803475 57.0038524939952 ) 
                  ( 400 0 190.972908949329 59.408316315407 ) 
                  ( 400 0 190.211303259031 61.8033988749895 ) 
                  ( 323.606797749979 235.114100916989 190.211303259031 61.8033988749895 ) 
                  ( 323.606797749979 235.114100916989 189.419660998949 64.1887219614419 ) 
                  ( 323.606797749979 235.114100916989 188.598107178573 66.5639089045973 ) 
                  ( 323.606797749979 235.114100916989 187.746771530775 68.9285846349034 ) 
                  ( 323.606797749979 235.114100916989 186.865788491322 71.2823757426501 ) 
                  ( 323.606797749979 235.114100916989 185.95529717765 73.6249105369356 ) 
                  ( 323.606797749979 235.114100916989 185.015441366892 75.9558191043602 ) 
                  ( 323.606797749979 235.114100916989 184.046369473174 78.2747333674405 ) 
                  ( 323.606797749979 235.114100916989 183.048234524183 80.5812871427325 ) 
                  ( 323.606797749979 235.114100916989 182.021194136999 82.8751161986568 ) 
                  ( 323.606797749979 235.114100916989 180.965410493204 85.1558583130145 ) 
                  ( 323.606797749979 235.114100916989 179.881050313274 87.4231533301866 ) 
                  ( 323.606797749979 235.114100916989 178.768284830253 89.6766432180064 ) 
                  ( 323.606797749979 235.114100916989 177.627289762709 91.9159721242976 ) 
                  ( 323.606797749979 235.114100916989 176.458245286991 94.1407864330665 ) 
                  ( 323.606797749979 235.114100916989 175.261336008773 96.3507348203431 ) 
                  ( 323.606797749979 235.114100916989 174.036750933905 98.5454683096583 ) 
                  ( 323.606797749979 235.114100916989 172.784683438567 100.724640327152 ) 
                  ( 323.606797749979 235.114100916989 171.50533123873 102.887906756301 ) 
                  ( 323.606797749979 235.114100916989 170.198896358938 105.034925992259 ) 
                  ( 323.606797749979 235.114100916989 168.865585100403 107.165358995799 ) 
                  ( 323.606797749979 235.114100916989 167.505608008428 109.278869346854 ) 
                  ( 323.606797749979 235.114100916989 166.119179839163 111.375123297638 ) 
                  ( 323.606797749979 235.114100916989 164.706519525685 113.453789825351 ) 
                  ( 323.606797749979 235.114100916989 163.267850143437 115.514540684454 ) 
                  ( 323.606797749979 235.114100916989 161.803398874989 117.557050458495 ) 
                  ( 323.606797749979 235.114100916989 160.313396974175 119.580996611504 ) 
                  ( 323.606797749979 235.114100916989 158.798079729567 121.586059538921 ) 
                  ( 323.606797749979 235.114100916989 157.257686427324 123.571922618067 ) 
                  ( 323.606797749979 235.114100916989 155.692460313405 125.53827225814 ) 
                  ( 323.606797749979 235.114100916989 154.102648555158 127.484797949738 ) 
                  ( 323.606797749979 235.114100916989 152.48850220229 129.411192313889 ) 
                  ( 323.606797749979 235.114100916989 150.850276147221 131.317151150591 ) 
                  ( 323.606797749979 235.114100916989 149.188229084836 133.20237348685 ) 
                  ( 323.606797749979 235.114100916989 147.502623471635 135.066561624205 ) 
                  ( 323.606797749979 235.114100916989 145.793725484282 136.909421185738 ) 
                  ( 323.606797749979 235.114100916989 144.061804977581 138.730661162561 ) 
                  ( 323.606797749979 235.114100916989 142.307135441857 140.52999395977 ) 
                  ( 323.606797749979 235.114100916989 140.52999395977 142.307135441857 ) 
                  ( 323.606797749979 235.114100916989 138.730661162561 144.061804977581 ) 
                  ( 323.606797749979 235.114100916989 136.909421185738 145.793725484282 ) 
                  ( 323.606797749979 235.114100916989 135.066561624205 147.502623471635 ) 
                  ( 323.606797749979 235.114100916989 133.20237348685 149.188229084836 ) 
                  ( 323.606797749979 235.114100916989 131.317151150591 150.850276147221 ) 
                  ( 323.606797749979 235.114100916989 129.411192313889 152.48850220229 ) 
                  ( 323.606797749979 235.114100916989 127.484797949738 154.102648555158 ) 
                  ( 323.606797749979 235.114100916989 125.53827225814 155.692460313405 ) 
                  ( 323.606797749979 235.114100916989 123.571922618067 157.257686427324 ) 
                  ( 323.606797749979 235.114100916989 121.586059538921 158.798079729567 ) 
                  ( 323.606797749979 235.114100916989 119.580996611504 160.313396974175 ) 
                  ( 323.606797749979 235.114100916989 117.557050458495 161.803398874989 ) 
                  ( 123.606797749979 380.422606518061 117.557050458495 161.803398874989 ) 
                  ( 123.606797749979 380.422606518061 115.514540684454 163.267850143437 ) 
                  ( 123.606797749979 380.422606518061 113.453789825351 164.706519525685 ) 
                  ( 123.606797749979 380.422606518061 111.375123297638 166.119179839163 ) 
                  ( 123.606797749979 380.422606518061 109.278869346854 167.505608008428 ) 
                  ( 123.606797749979 380.422606518061 107.165358995799 168.865585100403 ) 
                  ( 123.606797749979 380.422606518061 105.034925992259 170.198896358938 ) 
                  ( 123.606797749979 380.422606518061 102.887906756301 171.50533123873 ) 
                  ( 123.606797749979 380.422606518061 100.724640327152 172.784683438567 ) 
                  ( 123.606797749979 380.422606518061 98.5454683096583 174.036750933905 ) 
                  ( 123.606797749979 380.422606518061 96.3507348203431 175.261336008773 ) 
                  ( 123.606797749979 380.422606518061 94.1407864330665 176.458245286991 ) 
                  ( 123.606797749979 380.422606518061 91.9159721242976 177.627289762709 ) 
                  ( 123.606797749979 380.422606518061 89.6766432180064 178.768284830253 ) 
                  ( 123.606797749979 380.422606518061 87.4231533301866 179.881050313274 ) 
                  ( 123.606797749979 380.422606518061 85.1558583130145 180.965410493204 ) 
                  ( 123.606797749979 380.422606518061 82.8751161986568 182.021194136999 ) 
                  ( 123.606797749979 380.422606518061 80.5812871427325 183.048234524183 ) 
                  ( 123.606797749979 380.422606518061 78.2747333674405 184.046369473174 ) 
                  ( 123.606797749979 380.422606518061 75.9558191043602 185.015441366892 ) 
                  ( 123.606797749979 380.422606518061 73.6249105369356 185.95529717765 ) 
                  ( 123.606797749979 380.422606518061 71.2823757426501 186.865788491322 ) 
                  ( 123.606797749979 380.422606518061 68.9285846349034 187.746771530775 ) 
                  ( 123.606797749979 380.422606518061 66.5639089045973 188.598107178573 ) 
                  ( 123.606797749979 380.422606518061 64.1887219614419 189.419660998949 ) 
                  ( 123.606797749979 380.422606518061 61.8033988749895 190.211303259031 ) 
                  ( 123.606797749979 380.422606518061 59.408316315407 190.972908949329 ) 
                  ( 123.606797749979 380.422606518061 57.0038524939952 191.704357803475 ) 
                  ( 123.606797749979 380.422606518061 54.590387103465 192.405534317217 ) 
                  ( 123.606797749979 380.422606518061 52.1683012579794 193.076327766655 ) 
                  ( 123.606797749979 380.422606518061 49.737977432971 193.716632225726 ) 
                  ( 123.606797749979 380.422606518061 47.299799404745 194.326346582935 ) 
                  ( 123.606797749979 380.422606518061 44.8541521898762 194.905374557315 ) 
                  ( 123.606797749979 380.422606518061 42.4014219844109 195.453624713639 ) 
                  ( 123.606797749979 380.422606518061 39.9419961028814 195.971010476849 ) 
                  ( 123.606797749979 380.422606518061 37.4762629171449 196.457450145738 ) 
                  ( 123.606797749979 380.422606518061 35.0046117950552 196.912866905841 ) 
                  ( 123.606797749979 380.422606518061 32.5274330389767 197.337188841574 ) 
                  ( 123.606797749979 380.422606518061 30.0451178241514 197.730348947583 ) 
                  ( 123.606797749979 380.422606518061 27.5580581369276 198.09228513933 ) 
                  ( 123.606797749979 380.422606518061 25.0666467128609 198.422940262896 ) 
                  ( 123.606797749979 380.422606518061 22.5712769746963 198.722262104002 ) 
                  ( 123.606797749979 380.422606518061 20.072342970243 198.99020339626 ) 
                  ( 123.606797749979 380.422606518061 17.5702393101486 199.226721828635 ) 
                  ( 123.606797749979 380.422606518061 15.0653611055866 199.431780052123 ) 
                  ( 123.606797749979 380.422606518061 12.5581039058627 199.605345685654 ) 
                  ( 123.606797749979 380.422606518061 10.0488636359539 199.747391321203 ) 
                  ( 123.606797749979 380.422606518061 7.53803653398689 199.857894528118 ) 
                  ( 123.606797749979 380.422606518061 5.02601908866751 199.93683785666 ) 
                  ( 123.606797749979 380.422606518061 2.51320797667051 199.984208840763 ) 
                  ( 123.606797749979 380.422606518061 0 200 ) 
                  ( -123.606797749979 380.422606518061 0 200 ) 
                  ( -123.606797749979 380.422606518061 -2.51320797667053 199.984208840763 ) 
                  ( -123.606797749979 380.422606518061 -5.02601908866748 199.93683785666 ) 
                  ( -123.606797749979 380.422606518061 -7.53803653398692 199.857894528118 ) 
                  ( -123.606797749979 380.422606518061 -10.0488636359539 199.747391321203 ) 
                  ( -123.606797749979 380.422606518061 -12.5581039058627 199.605345685654 ) 
                  ( -123.606797749979 380.422606518061 -15.0653611055866 199.431780052123 ) 
                  ( -123.606797749979 380.422606518061 -17.5702393101486 199.226721828635 ) 
                  ( -123.606797749979 380.422606518061 -20.072342970243 198.99020339626 ) 
                  ( -123.606797749979 380.422606518061 -22.5712769746963 198.722262104002 ) 
                  ( -123.606797749979 380.422606518061 -25.0666467128609 198.422940262896 ) 
                  ( -123.606797749979 380.422606518061 -27.5580581369276 198.09228513933 ) 
                  ( -123.606797749979 380.422606518061 -30.0451178241514 197.730348947583 ) 
                  ( -123.606797749979 380.422606518061 -32.5274330389767 197.337188841574 ) 
                  ( -123.606797749979 380.422606518061 -35.0046117950552 196.912866905841 ) 
                  ( -123.606797749979 380.422606518061 -37.4762629171449 196.457450145738 ) 
                  ( -123.606797749979 380.422606518061 -39.9419961028814 195.971010476849 ) 
                  ( -123.606797749979 380.422606518061 -42.4014219844109 195.453624713639 ) 
                  ( -123.606797749979 380.422606518061 -44.8541521898763 194.905374557315 ) 
                  ( -123.606797749979 380.422606518061 -47.2997994047449 194.326346582935 ) 
                  ( -123.606797749979 380.422606518061 -49.737977432971 193.716632225726 ) 
                  ( -123.606797749979 380.422606518061 -52.1683012579794 193.076327766655 ) 
                  ( -123.606797749979 380.422606518061 -54.5903871034651 192.405534317217 ) 
                  ( -123.606797749979 380.422606518061 -57.0038524939952 191.704357803475 ) 
                  ( -123.606797749979 380.422606518061 -59.408316315407 190.972908949329 ) 
                  ( -123.606797749979 380.422606518061 -61.8033988749895 190.211303259031 ) 
                  ( -123.606797749979 380.422606518061 -64.1887219614419 189.419660998949 ) 
                  ( -123.606797749979 380.422606518061 -66.5639089045974 188.598107178573 ) 
                  ( -123.606797749979 380.422606518061 -68.9285846349034 187.746771530775 ) 
                  ( -123.606797749979 380.422606518061 -71.2823757426502 186.865788491322 ) 
                  ( -123.606797749979 380.422606518061 -73.6249105369356 185.95529717765 ) 
                  ( -123.606797749979 380.422606518061 -75.9558191043602 185.015441366892 ) 
                  ( -123.606797749979 380.422606518061 -78.2747333674405 184.046369473174 ) 
                  ( -123.606797749979 380.422606518061 -80.5812871427325 183.048234524183 ) 
                  ( -123.606797749979 380.422606518061 -82.8751161986568 182.021194136999 ) 
                  ( -123.606797749979 380.422606518061 -85.1558583130145 180.965410493204 ) 
                  ( -123.606797749979 380.422606518061 -87.4231533301866 179.881050313274 ) 
                  ( -123.606797749979 380.422606518061 -89.6766432180064 178.768284830253 ) 
                  ( -123.606797749979 380.422606518061 -91.9159721242976 177.627289762709 ) 
                  ( -123.606797749979 380.422606518061 -94.1407864330665 176.458245286991 ) 
                  ( -123.606797749979 380.422606518061 -96.3507348203431 175.261336008773 ) 
                  ( -123.606797749979 380.422606518061 -98.5454683096583 174.036750933905 ) 
                  ( -123.606797749979 380.422606518061 -100.724640327152 172.784683438567 ) 
                  ( -123.606797749979 380.422606518061 -102.887906756301 171.50533123873 ) 
                  ( -123.606797749979 380.422606518061 -105.034925992259 170.198896358938 ) 
                  ( -123.606797749979 380.422606518061 -107.165358995799 168.865585100403 ) 
                  ( -123.606797749979 380.422606518061 -109.278869346854 167.505608008428 ) 
                  ( -123.606797749979 380.422606518061 -111.375123297638 166.119179839163 ) 
                  ( -123.606797749979 380.422606518061 -113.453789825351 164.706519525685 ) 
                  ( -123.606797749979 380.422606518061 -115.514540684454 163.267850143437 ) 
                  ( -123.606797749979 380.422606518061 -117.557050458495 161.803398874989 ) 
                  ( -323.606797749979 235.114100916989 -117.557050458495 161.803398874989 ) 
                  ( -323.606797749979 235.114100916989 -119.580996611504 160.313396974175 ) 
                  ( -323.606797749979 235.114100916989 -121.586059538921 158.798079729567 ) 
                  ( -323.606797749979 235.114100916989 -123.571922618067 157.257686427324 ) 
                  ( -323.606797749979 235.114100916989 -125.53827225814 155.692460313405 ) 
                  ( -323.606797749979 235.114100916989 -127.484797949738 154.102648555158 ) 
                  ( -323.606797749979 235.114100916989 -129.411192313889 152.48850220229 ) 
                  ( -323.606797749979 235.114100916989 -131.317151150591 150.850276147221 ) 
                  ( -323.606797749979 235.114100916989 -133.20237348685 149.188229084836 ) 
                  ( -323.606797749979 235.114100916989 -135.066561624205 147.502623471635 ) 
                  ( -323.606797749979 235.114100916989 -136.909421185738 145.793725484282 ) 
                  ( -323.606797749979 235.114100916989 -138.730661162561 144.061804977581 ) 
                  ( -323.606797749979 235.114100916989 -140.52999395977 142.307135441857 ) 
                  ( -323.606797749979 235.114100916989 -142.307135441857 140.52999395977 ) 
                  ( -323.606797749979 235.114100916989 -144.061804977581 138.730661162561 ) 
                  ( -323.606797749979 235.114100916989 -145.793725484282 136.909421185738 ) 
                  ( -323.606797749979 235.114100916989 -147.502623471635 135.066561624205 ) 
                  ( -323.606797749979 235.114100916989 -149.188229084836 133.20237348685 ) 
                  ( -323.606797749979 235.114100916989 -150.850276147221 131.317151150591 ) 
                  ( -323.606797749979 235.114100916989 -152.48850220229 129.411192313889 ) 
                  ( -323.606797749979 235.114100916989 -154.102648555158 127.484797949738 ) 
                  ( -323.606797749979 235.114100916989 -155.692460313405 125.53827225814 ) 
                  ( -323.606797749979 235.114100916989 -157.257686427324 123.571922618067 ) 
                  ( -323.606797749979 235.114100916989 -158.798079729567 121.586059538921 ) 
                  ( -323.606797749979 235.114100916989 -160.313396974175 119.580996611504 ) 
                  ( -323.606797749979 235.114100916989 -161.803398874989 117.557050458495 ) 
                  ( -323.606797749979 235.114100916989 -163.267850143437 115.514540684454 ) 
                  ( -323.606797749979 235.114100916989 -164.706519525685 113.453789825351 ) 
                  ( -323.606797749979 235.114100916989 -166.119179839163 111.375123297638 ) 
                  ( -323.606797749979 235.114100916989 -167.505608008428 109.278869346854 ) 
                  ( -323.606797749979 235.114100916989 -168.865585100403 107.165358995799 ) 
                  ( -323.606797749979 235.114100916989 -170.198896358938 105.034925992259 ) 
                  ( -323.606797749979 235.114100916989 -171.50533123873 102.887906756301 ) 
                  ( -323.606797749979 235.114100916989 -172.784683438567 100.724640327152 ) 
                  ( -323.606797749979 235.114100916989 -174.036750933905 98.5454683096583 ) 
                  ( -323.606797749979 235.114100916989 -175.261336008773 96.350734820343 ) 
                  ( -323.606797749979 235.114100916989 -176.458245286991 94.1407864330665 ) 
                  ( -323.606797749979 235.114100916989 -177.627289762709 91.9159721242976 ) 
                  ( -323.606797749979 235.114100916989 -178.768284830253 89.6766432180065 ) 
                  ( -323.606797749979 235.114100916989 -179.881050313274 87.4231533301866 ) 
                  ( -323.606797749979 235.114100916989 -180.965410493204 85.1558583130145 ) 
                  ( -323.606797749979 235.114100916989 -182.021194136999 82.8751161986568 ) 
                  ( -323.606797749979 235.114100916989 -183.048234524183 80.5812871427325 ) 
                  ( -323.606797749979 235.114100916989 -184.046369473174 78.2747333674405 ) 
                  ( -323.606797749979 235.114100916989 -185.015441366892 75.9558191043602 ) 
                  ( -323.606797749979 235.114100916989 -185.95529717765 73.6249105369355 ) 
                  ( -323.606797749979 235.114100916989 -186.865788491322 71.2823757426502 ) 
                  ( -323.606797749979 235.114100916989 -187.746771530775 68.9285846349034 ) 
                  ( -323.606797749979 235.114100916989 -188.598107178573 66.5639089045973 ) 
                  ( -323.606797749979 235.114100916989 -189.419660998949 64.1887219614419 ) 
                  ( -323.606797749979 235.114100916989 -190.211303259031 61.8033988749895 ) 
                  ( -400 0 -190.211303259031 61.8033988749895 ) 
                  ( -400 0 -190.972908949329 59.408316315407 ) 
                  ( -400 0 -191.704357803475 57.0038524939952 ) 
                  ( -400 0 -192.405534317217 54.590387103465 ) 
                  ( -400 0 -193.076327766655 52.1683012579794 ) 
                  ( -400 0 -193.716632225726 49.737977432971 ) 
                  ( -400 0 -194.326346582935 47.2997994047449 ) 
                  ( -400 0 -194.905374557315 44.8541521898762 ) 
                  ( -400 0 -195.453624713639 42.401421984411 ) 
                  ( -400 0 -195.971010476849 39.9419961028814 ) 
                  ( -400 0 -196.457450145738 37.4762629171449 ) 
                  ( -400 0 -196.912866905841 35.0046117950552 ) 
                  ( -400 0 -197.337188841574 32.5274330389767 ) 
                  ( -400 0 -197.730348947583 30.0451178241514 ) 
                  ( -400 0 -198.09228513933 27.5580581369276 ) 
                  ( -400 0 -198.422940262896 25.0666467128608 ) 
                  ( -400 0 -198.722262104002 22.5712769746963 ) 
                  ( -400 0 -198.99020339626 20.072342970243 ) 
                  ( -400 0 -199.226721828635 17.5702393101486 ) 
                  ( -400 0 -199.431780052123 15.0653611055865 ) 
                  ( -400 0 -199.605345685654 12.5581039058626 ) 
                  ( -400 0 -199.747391321203 10.0488636359539 ) 
                  ( -400 0 -199.857894528118 7.53803653398691 ) 
                  ( -400 0 -199.93683785666 5.02601908866747 ) 
                  ( -400 0 -199.984208840763 2.51320797667048 ) 
                  ( -400 0 -200 0 ) 
                  ( -400 0 -199.984208840763 -2.51320797667052 ) 
                  ( -400 0 -199.93683785666 -5.02601908866751 ) 
                  ( -400 0 -199.857894528118 -7.53803653398695 ) 
                  ( -400 0 -199.747391321203 -10.0488636359539 ) 
                  ( -400 0 -199.605345685654 -12.5581039058627 ) 
                  ( -400 0 -199.431780052123 -15.0653611055866 ) 
                  ( -400 0 -199.226721828635 -17.5702393101487 ) 
                  ( -400 0 -198.99020339626 -20.072342970243 ) 
                  ( -400 0 -198.722262104002 -22.5712769746963 ) 
                  ( -400 0 -198.422940262896 -25.0666467128609 ) 
                  ( -400 0 -198.09228513933 -27.5580581369276 ) 
                  ( -400 0 -197.730348947583 -30.0451178241515 ) 
                  ( -400 0 -197.337188841574 -32.5274330389767 ) 
                  ( -400 0 -196.912866905841 -35.0046117950552 ) 
                  ( -400 0 -196.457450145738 -37.476262917145 ) 
                  ( -400 0 -195.971010476849 -39.9419961028814 ) 
                  ( -400 0 -195.453624713639 -42.4014219844109 ) 
                  ( -400 0 -194.905374557315 -44.8541521898762 ) 
                  ( -400 0 -194.326346582935 -47.299799404745 ) 
                  ( -400 0 -193.716632225726 -49.737977432971 ) 
                  ( -400 0 -193.076327766655 -52.1683012579794 ) 
                  ( -400 0 -192.405534317217 -54.590387103465 ) 
                  ( -400 0 -191.704357803475 -57.0038524939952 ) 
                  ( -400 0 -190.972908949329 -59.408316315407 ) 
                  ( -400 0 -190.211303259031 -61.8033988749895 ) 
                  ( -323.606797749979 -235.114100916989 -190.211303259031 -61.8033988749895 ) 
                  ( -323.606797749979 -235.114100916989 -189.419660998949 -64.1887219614419 ) 
                  ( -323.606797749979 -235.114100916989 -188.598107178573 -66.5639089045973 ) 
                  ( -323.606797749979 -235.114100916989 -187.746771530775 -68.9285846349034 ) 
                  ( -323.606797749979 -235.114100916989 -186.865788491322 -71.2823757426502 ) 
                  ( -323.606797749979 -235.114100916989 -185.95529717765 -73.6249105369356 ) 
                  ( -323.606797749979 -235.114100916989 -185.015441366892 -75.9558191043602 ) 
                  ( -323.606797749979 -235.114100916989 -184.046369473174 -78.2747333674405 ) 
                  ( -323.606797749979 -235.114100916989 -183.048234524183 -80.5812871427326 ) 
                  ( -323.606797749979 -235.114100916989 -182.021194136999 -82.8751161986568 ) 
                  ( -323.606797749979 -235.114100916989 -180.965410493204 -85.1558583130145 ) 
                  ( -323.606797749979 -235.114100916989 -179.881050313274 -87.4231533301866 ) 
                  ( -323.606797749979 -235.114100916989 -178.768284830253 -89.6766432180065 ) 
                  ( -323.606797749979 -235.114100916989 -177.627289762709 -91.9159721242976 ) 
                  ( -323.606797749979 -235.114100916989 -176.458245286991 -94.1407864330665 ) 
                  ( -323.606797749979 -235.114100916989 -175.261336008773 -96.3507348203431 ) 
                  ( -323.606797749979 -235.114100916989 -174.036750933905 -98.5454683096584 ) 
                  ( -323.606797749979 -235.114100916989 -172.784683438567 -100.724640327152 ) 
                  ( -323.606797749979 -235.114100916989 -171.50533123873 -102.887906756301 ) 
                  ( -323.606797749979 -235.114100916989 -170.198896358938 -105.034925992259 ) 
                  ( -323.606797749979 -235.114100916989 -168.865585100403 -107.165358995799 ) 
                  ( -323.606797749979 -235.114100916989 -167.505608008428 -109.278869346854 ) 
                  ( -323.606797749979 -235.114100916989 -166.119179839163 -111.375123297638 ) 
                  ( -323.606797749979 -235.114100916989 -164.706519525685 -113.453789825351 ) 
                  ( -323.606797749979 -235.114100916989 -163.267850143437 -115.514540684454 ) 
                  ( -323.606797749979 -235.114100916989 -161.803398874989 -117.557050458495 ) 
                  ( -323.606797749979 -235.114100916989 -160.313396974175 -119.580996611504 ) 
                  ( -323.606797749979 -235.114100916989 -158.798079729567 -121.586059538921 ) 
                  ( -323.606797749979 -235.114100916989 -157.257686427324 -123.571922618067 ) 
                  ( -323.606797749979 -235.114100916989 -155.692460313405 -125.53827225814 ) 
                  ( -323.606797749979 -235.114100916989 -154.102648555158 -127.484797949738 ) 
                  ( -323.606797749979 -235.114100916989 -152.48850220229 -129.411192313889 ) 
                  ( -323.606797749979 -235.114100916989 -150.850276147221 -131.317151150591 ) 
                  ( -323.606797749979 -235.114100916989 -149.188229084836 -133.20237348685 ) 
                  ( -323.606797749979 -235.114100916989 -147.502623471635 -135.066561624205 ) 
                  ( -323.606797749979 -235.114100916989 -145.793725484282 -136.909421185738 ) 
                  ( -323.606797749979 -235.114100916989 -144.061804977581 -138.730661162561 ) 
                  ( -323.606797749979 -235.114100916989 -142.307135441857 -140.52999395977 ) 
                  ( -323.606797749979 -235.114100916989 -140.52999395977 -142.307135441857 ) 
                  ( -323.606797749979 -235.114100916989 -138.730661162561 -144.061804977581 ) 
                  ( -323.606797749979 -235.114100916989 -136.909421185738 -145.793725484282 ) 
                  ( -323.606797749979 -235.114100916989 -135.066561624205 -147.502623471635 ) 
                  ( -323.606797749979 -235.114100916989 -133.20237348685 -149.188229084836 ) 
                  ( -323.606797749979 -235.114100916989 -131.317151150591 -150.850276147221 ) 
                  ( -323.606797749979 -235.114100916989 -129.411192313889 -152.48850220229 ) 
                  ( -323.606797749979 -235.114100916989 -127.484797949738 -154.102648555158 ) 
                  ( -323.606797749979 -235.114100916989 -125.53827225814 -155.692460313405 ) 
                  ( -323.606797749979 -235.114100916989 -123.571922618067 -157.257686427324 ) 
                  ( -323.606797749979 -235.114100916989 -121.586059538921 -158.798079729567 ) 
                  ( -323.606797749979 -235.114100916989 -119.580996611504 -160.313396974175 ) 
                  ( -323.606797749979 -235.114100916989 -117.557050458495 -161.803398874989 ) 
                  ( -123.606797749979 -380.422606518061 -117.557050458495 -161.803398874989 ) 
                  ( -123.606797749979 -380.422606518061 -115.514540684454 -163.267850143437 ) 
                  ( -123.606797749979 -380.422606518061 -113.453789825351 -164.706519525685 ) 
                  ( -123.606797749979 -380.422606518061 -111.375123297638 -166.119179839163 ) 
                  ( -123.606797749979 -380.422606518061 -109.278869346854 -167.505608008428 ) 
                  ( -123.606797749979 -380.422606518061 -107.165358995799 -168.865585100403 ) 
                  ( -123.606797749979 -380.422606518061 -105.034925992259 -170.198896358938 ) 
                  ( -123.606797749979 -380.422606518061 -102.887906756301 -171.50533123873 ) 
                  ( -123.606797749979 -380.422606518061 -100.724640327152 -172.784683438567 ) 
                  ( -123.606797749979 -380.422606518061 -98.5454683096583 -174.036750933905 ) 
                  ( -123.606797749979 -380.422606518061 -96.350734820343 -175.261336008773 ) 
                  ( -123.606797749979 -380.422606518061 -94.1407864330665 -176.458245286991 ) 
                  ( -123.606797749979 -380.422606518061 -91.9159721242975 -177.627289762709 ) 
                  ( -123.606797749979 -380.422606518061 -89.6766432180064 -178.768284830253 ) 
                  ( -123.606797749979 -380.422606518061 -87.4231533301865 -179.881050313274 ) 
                  ( -123.606797749979 -380.422606518061 -85.1558583130146 -180.965410493204 ) 
                  ( -123.606797749979 -380.422606518061 -82.8751161986569 -182.021194136999 ) 
                  ( -123.606797749979 -380.422606518061 -80.5812871427326 -183.048234524183 ) 
                  ( -123.606797749979 -380.422606518061 -78.2747333674405 -184.046369473174 ) 
                  ( -123.606797749979 -380.422606518061 -75.9558191043602 -185.015441366892 ) 
                  ( -123.606797749979 -380.422606518061 -73.6249105369356 -185.95529717765 ) 
                  ( -123.606797749979 -380.422606518061 -71.2823757426501 -186.865788491322 ) 
                  ( -123.606797749979 -380.422606518061 -68.9285846349033 -187.746771530775 ) 
                  ( -123.606797749979 -380.422606518061 -66.5639089045972 -188.598107178573 ) 
                  ( -123.606797749979 -380.422606518061 -64.188721961442 -189.419660998949 ) 
                  ( -123.606797749979 -380.422606518061 -61.8033988749895 -190.211303259031 ) 
                  ( -123.606797749979 -380.422606518061 -59.408316315407 -190.972908949329 ) 
                  ( -123.606797749979 -380.422606518061 -57.0038524939952 -191.704357803475 ) 
                  ( -123.606797749979 -380.422606518061 -54.590387103465 -192.405534317217 ) 
                  ( -123.606797749979 -380.422606518061 -52.1683012579793 -193.076327766655 ) 
                  ( -123.606797749979 -380.422606518061 -49.7379774329709 -193.716632225726 ) 
                  ( -123.606797749979 -380.422606518061 -47.2997994047448 -194.326346582935 ) 
                  ( -123.606797749979 -380.422606518061 -44.8541521898763 -194.905374557315 ) 
                  ( -123.606797749979 -380.422606518061 -42.401421984411 -195.453624713639 ) 
                  ( -123.606797749979 -380.422606518061 -39.9419961028814 -195.971010476849 ) 
                  ( -123.606797749979 -380.422606518061 -37.4762629171449 -196.457450145738 ) 
                  ( -123.606797749979 -380.422606518061 -35.0046117950552 -196.912866905841 ) 
                  ( -123.606797749979 -380.422606518061 -32.5274330389767 -197.337188841574 ) 
                  ( -123.606797749979 -380.422606518061 -30.0451178241513 -197.730348947583 ) 
                  ( -123.606797749979 -380.422606518061 -27.5580581369275 -198.09228513933 ) 
                  ( -123.606797749979 -380.422606518061 -25.0666467128607 -198.422940262896 ) 
                  ( -123.606797749979 -380.422606518061 -22.5712769746964 -198.722262104002 ) 
                  ( -123.606797749979 -380.422606518061 -20.072342970243 -198.99020339626 ) 
                  ( -123.606797749979 -380.422606518061 -17.5702393101486 -199.226721828635 ) 
                  ( -123.606797749979 -380.422606518061 -15.0653611055865 -199.431780052123 ) 
                  ( -123.606797749979 -380.422606518061 -12.5581039058626 -199.605345685654 ) 
                  ( -123.606797749979 -380.422606518061 -10.0488636359539 -199.747391321203 ) 
                  ( -123.606797749979 -380.422606518061 -7.53803653398683 -199.857894528118 ) 
                  ( -123.606797749979 -380.422606518061 -5.0260190886674 -199.93683785666 ) 
                  ( -123.606797749979 -380.422606518061 -2.51320797667058 -199.984208840763 ) 
                  ( -123.606797749979 -380.422606518061 0 -200 ) 
                  ( 123.606797749979 -380.422606518061 0 -200 ) ) ) ) ) ) )
