
( OBJECT mregion 
   ( ) mregion 
   ( 
      ( 
         ( "2024-01-01-00:00:00.000" "2024-01-02-00:00:00.000" TRUE TRUE ) 
         ( 
            ( 
               ( 
                  ( 123.606797749979 -380.422606518061 1.57078017774231 -199.993831528958 ) 
                  ( 123.606797749979 -380.422606518061 3.14146346236426 -199.975326496332 ) 
                  ( 123.606797749979 -380.422606518061 4.71195296672206 -199.9444860436 ) 
                  ( 123.606797749979 -380.422606518061 6.28215181562576 -199.901312073146 ) 
                  ( 123.606797749979 -380.422606518061 7.85196315181373 -199.845807248145 ) 
                  ( 123.606797749979 -380.422606518061 9.42129014192862 -199.777974992394 ) 
                  ( 123.606797749979 -380.422606518061 10.9900359824891 -199.697819490108 ) 
                  ( 123.606797749979 -380.422606518061 12.5581039058627 -199.605345685654 ) 
                  ( 123.606797749979 -380.422606518061 14.1253971862333 -199.500559283254 ) 
                  ( 123.606797749979 -380.422606518061 15.691819145569 -199.383466746626 ) 
                  ( 123.606797749979 -380.422606518061 17.2572731595848 -199.254075298588 ) 
                  ( 123.606797749979 -380.422606518061 18.8216626637029 -199.112392920616 ) 
                  ( 123.606797749979 -380.422606518061 20.3848911590101 -198.958428352345 ) 
                  ( 123.606797749979 -380.422606518061 21.9468622182091 -198.792191091036 ) 
                  ( 123.606797749979 -380.422606518061 23.5074794915676 -198.613691390985 ) 
                  ( 123.606797749979 -380.422606518061 25.0666467128608 -198.422940262896 ) 
                  ( 123.606797749979 -380.422606518061 26.6242677053106 -198.219949473195 ) 
                  ( 123.606797749979 -380.422606518061 28.1802463875165 -198.004731543311 ) 
                  ( 123.606797749979 -380.422606518061 29.7344867793847 -197.777299748901 ) 
                  ( 123.606797749979 -380.422606518061 31.2868930080461 -197.537668119028 ) 
                  ( 123.606797749979 -380.422606518061 32.8373693137726 -197.285851435299 ) 
                  ( 123.606797749979 -380.422606518061 34.385820055882 -197.021865230955 ) 
                  ( 123.606797749979 -380.422606518061 35.9321497186385 -196.745725789907 ) 
                  ( 123.606797749979 -380.422606518061 37.476262917145 -196.457450145738 ) 
                  ( 123.606797749979 -380.422606518061 39.0180644032257 -196.157056080646 ) 
                  ( 123.606797749979 -380.422606518061 40.5574590713026 -195.844562124353 ) 
                  ( 123.606797749979 -380.422606518061 42.0943519642611 -195.519987552958 ) 
                  ( 123.606797749979 -380.422606518061 43.6286482793086 -195.183352387749 ) 
                  ( 123.606797749979 -380.422606518061 45.1602533738207 -194.83467739397 ) 
                  ( 123.606797749979 -380.422606518061 46.6890727711811 -194.473984079535 ) 
                  ( 123.606797749979 -380.422606518061 48.2150121666079 -194.101294693708 ) 
                  ( 123.606797749979 -380.422606518061 49.737977432971 -193.716632225726 ) 
                  ( 123.606797749979 -380.422606518061 51.2578746265994 -193.320020403381 ) 
                  ( 123.606797749979 -380.422606518061 52.7746099930746 -192.91148369156 ) 
                  ( 123.606797749979 -380.422606518061 54.2880899730149 -192.491047290729 ) 
                  ( 123.606797749979 -380.422606518061 55.7982212078458 -192.058737135389 ) 
                  ( 123.606797749979 -380.422606518061 57.3049105455597 -191.614579892464 ) 
                  ( 123.606797749979 -380.422606518061 58.8080650464608 -191.158602959666 ) 
                  ( 123.606797749979 -380.422606518061 60.3075919888992 -190.6908344638 ) 
                  ( 123.606797749979 -380.422606518061 61.8033988749894 -190.211303259031 ) 
                  ( 123.606797749979 -380.422606518061 63.2953934363173 -189.720038925101 ) 
                  ( 123.606797749979 -380.422606518061 64.78348363963 -189.217071765509 ) 
                  ( 123.606797749979 -380.422606518061 66.2675776925142 -188.702432805639 ) 
                  ( 123.606797749979 -380.422606518061 67.7475840490584 -188.176153790845 ) 
                  ( 123.606797749979 -380.422606518061 69.2234114154986 -187.638267184497 ) 
                  ( 123.606797749979 -380.422606518061 70.6949687558515 -187.088806165973 ) 
                  ( 123.606797749979 -380.422606518061 72.1621652975283 -186.527804628619 ) 
                  ( 123.606797749979 -380.422606518061 73.6249105369356 -185.95529717765 ) 
                  ( 123.606797749979 -380.422606518061 75.0831142450566 -185.371319128024 ) 
                  ( 123.606797749979 -380.422606518061 76.536686473018 -184.775906502257 ) 
                  ( 123.606797749979 -380.422606518061 77.9855375576378 -184.169096028205 ) 
                  ( 123.606797749979 -380.422606518061 79.4295781269561 -183.550925136796 ) 
                  ( 123.606797749979 -380.422606518061 80.8687191057491 -182.921431959723 ) 
                  ( 123.606797749979 -380.422606518061 82.3028717210218 -182.280655327089 ) 
                  ( 123.606797749979 -380.422606518061 83.7319475074857 -181.628634765016 ) 
                  ( 123.606797749979 -380.422606518061 85.1558583130145 -180.965410493204 ) 
                  ( 123.606797749979 -380.422606518061 86.5745163040829 -180.291023422449 ) 
                  ( 123.606797749979 -380.422606518061 87.987833971183 -179.605515152123 ) 
                  ( 123.606797749979 -380.422606518061 89.3957241342243 -178.908927967605 ) 
                  ( 123.606797749979 -380.422606518061 90.7980999479095 -178.201304837674 ) 
                  ( 123.606797749979 -380.422606518061 92.1948749070925 -177.482689411857 ) 
                  ( 123.606797749979 -380.422606518061 93.5859628521148 -176.753126017739 ) 
                  ( 123.606797749979 -380.422606518061 94.9712779741189 -176.012659658226 ) 
                  ( 123.606797749979 -380.422606518061 96.3507348203431 -175.261336008773 ) 
                  ( 123.606797749979 -380.422606518061 97.724248299391 -174.499201414559 ) 
                  ( 123.606797749979 -380.422606518061 99.0917336864816 -173.726302887638 ) 
                  ( 123.606797749979 -380.422606518061 100.453106628674 -172.942688104031 ) 
                  ( 123.606797749979 -380.422606518061 101.808283150074 -172.148405400789 ) 
                  ( 123.606797749979 -380.422606518061 103.157179657009 -171.34350377301 ) 
                  ( 123.606797749979 -380.422606518061 104.49971294319 -170.528032870818 ) 
                  ( 123.606797749979 -380.422606518061 105.835800194838 -169.702042996301 ) 
                  ( 123.606797749979 -380.422606518061 107.165358995799 -168.865585100403 ) 
                  ( 123.606797749979 -380.422606518061 108.488307332624 -168.018710779788 ) 
                  ( 123.606797749979 -380.422606518061 109.804563599626 -167.161472273654 ) 
                  ( 123.606797749979 -380.422606518061 111.114046603921 -166.293922460509 ) 
                  ( 123.606797749979 -380.422606518061 112.416675570426 -165.416114854912 ) 
                  ( 123.606797749979 -380.422606518061 113.712370146853 -164.528103604172 ) 
                  ( 123.606797749979 -380.422606518061 115.001050408656 -163.629943485005 ) 
                  ( 123.606797749979 -380.422606518061 116.282636863966 -162.721689900157 ) 
                  ( 123.606797749979 -380.422606518061 117.557050458495 -161.803398874989 ) 
                  ( 323.606797749979 -235.114100916989 117.557050458495 -161.803398874989 ) 
                  ( 323.606797749979 -235.114100916989 118.824212580408 -160.875127054017 ) 
                  ( 323.606797749979 -235.114100916989 120.084045065177 -159.936931697418 ) 
                  ( 323.606797749979 -235.114100916989 121.3364702004 -158.988870677502 ) 
                  ( 323.606797749979 -235.114100916989 122.581410730595 -158.031002475138 ) 
                  ( 323.606797749979 -235.114100916989 123.818789861967 -157.063386176149 ) 
                  ( 323.606797749979 -235.114100916989 125.048531267141 -156.086081467666 ) 
                  ( 323.606797749979 -235.114100916989 126.270559089876 -155.099148634447 ) 
                  ( 323.606797749979 -235.114100916989 127.484797949738 -154.102648555158 ) 
                  ( 323.606797749979 -235.114100916989 128.691172946756 -153.096642698618 ) 
                  ( 323.606797749979 -235.114100916989 129.889609666037 -152.081193120006 ) 
                  ( 323.606797749979 -235.114100916989 131.080034182359 -151.056362457037 ) 
                  ( 323.606797749979 -235.114100916989 132.26237306473 -150.022213926092 ) 
                  ( 323.606797749979 -235.114100916989 133.43655338092 -148.978811318324 ) 
                  ( 323.606797749979 -235.114100916989 134.602502701955 -147.926218995722 ) 
                  ( 323.606797749979 -235.114100916989 135.760149106588 -146.864501887137 ) 
                  ( 323.606797749979 -235.114100916989 136.909421185738 -145.793725484282 ) 
                  ( 323.606797749979 -235.114100916989 138.050248046887 -144.71395583769 ) 
                  ( 323.606797749979 -235.114100916989 139.182559318463 -143.625259552638 ) 
                  ( 323.606797749979 -235.114100916989 140.306285154171 -142.527703785041 ) 
                  ( 323.606797749979 -235.114100916989 141.42135623731 -141.421356237309 ) 
                  ( 323.606797749979 -235.114100916989 142.527703785041 -140.306285154171 ) 
                  ( 323.606797749979 -235.114100916989 143.625259552638 -139.182559318463 ) 
                  ( 323.606797749979 -235.114100916989 144.71395583769 -138.050248046887 ) 
                  ( 323.606797749979 -235.114100916989 145.793725484282 -136.909421185738 ) 
                  ( 323.606797749979 -235.114100916989 146.864501887137 -135.760149106588 ) 
                  ( 323.606797749979 -235.114100916989 147.926218995722 -134.602502701955 ) 
                  ( 323.606797749979 -235.114100916989 148.978811318324 -133.43655338092 ) 
                  ( 323.606797749979 -235.114100916989 150.022213926092 -132.26237306473 ) 
                  ( 323.606797749979 -235.114100916989 151.056362457037 -131.080034182359 ) 
                  ( 323.606797749979 -235.114100916989 152.081193120006 -129.889609666037 ) 
                  ( 323.606797749979 -235.114100916989 153.096642698618 -128.691172946756 ) 
                  ( 323.606797749979 -235.114100916989 154.102648555158 -127.484797949738 ) 
                  ( 323.606797749979 -235.114100916989 155.099148634447 -126.270559089875 ) 
                  ( 323.606797749979 -235.114100916989 156.086081467666 -125.048531267141 ) 
                  ( 323.606797749979 -235.114100916989 157.063386176149 -123.818789861967 ) 
                  ( 323.606797749979 -235.114100916989 158.031002475138 -122.581410730595 ) 
                  ( 323.606797749979 -235.114100916989 158.988870677502 -121.3364702004 ) 
                  ( 323.606797749979 -235.114100916989 159.936931697418 -120.084045065177 ) 
                  ( 323.606797749979 -235.114100916989 160.875127054017 -118.824212580408 ) 
                  ( 323.606797749979 -235.114100916989 161.80339887499 -117.557050458495 ) 
                  ( 323.606797749979 -235.114100916989 162.721689900157 -116.282636863966 ) 
                  ( 323.606797749979 -235.114100916989 163.629943485005 -115.001050408656 ) 
                  ( 323.606797749979 -235.114100916989 164.528103604172 -113.712370146853 ) 
                  ( 323.606797749979 -235.114100916989 165.416114854912 -112.416675570426 ) 
                  ( 323.606797749979 -235.114100916989 166.293922460509 -111.11404660392 ) 
                  ( 323.606797749979 -235.114100916989 167.161472273654 -109.804563599626 ) 
                  ( 323.606797749979 -235.114100916989 168.018710779788 -108.488307332624 ) 
                  ( 323.606797749979 -235.114100916989 168.865585100403 -107.165358995799 ) 
                  ( 323.606797749979 -235.114100916989 169.702042996301 -105.835800194838 ) 
                  ( 323.606797749979 -235.114100916989 170.528032870818 -104.49971294319 ) 
                  ( 323.606797749979 -235.114100916989 171.34350377301 -103.157179657009 ) 
                  ( 323.606797749979 -235.114100916989 172.148405400789 -101.808283150074 ) 
                  ( 323.606797749979 -235.114100916989 172.942688104031 -100.453106628674 ) 
                  ( 323.606797749979 -235.114100916989 173.726302887638 -99.0917336864815 ) 
                  ( 323.606797749979 -235.114100916989 174.499201414559 -97.7242482993909 ) 
                  ( 323.606797749979 -235.114100916989 175.261336008773 -96.3507348203431 ) 
                  ( 323.606797749979 -235.114100916989 176.012659658226 -94.9712779741188 ) 
                  ( 323.606797749979 -235.114100916989 176.753126017739 -93.5859628521147 ) 
                  ( 323.606797749979 -235.114100916989 177.482689411857 -92.1948749070924 ) 
                  ( 323.606797749979 -235.114100916989 178.201304837674 -90.7980999479092 ) 
                  ( 323.606797749979 -235.114100916989 178.908927967605 -89.3957241342242 ) 
                  ( 323.606797749979 -235.114100916989 179.605515152123 -87.9878339711829 ) 
                  ( 323.606797749979 -235.114100916989 180.291023422449 -86.5745163040828 ) 
                  ( 323.606797749979 -235.114100916989 180.965410493204 -85.1558583130144 ) 
                  ( 323.606797749979 -235.114100916989 181.628634765016 -83.7319475074856 ) 
                  ( 323.606797749979 -235.114100916989 182.280655327089 -82.3028717210217 ) 
                  ( 323.606797749979 -235.114100916989 182.921431959723 -80.868719105749 ) 
                  ( 323.606797749979 -235.114100916989 183.550925136796 -79.4295781269561 ) 
                  ( 323.606797749979 -235.114100916989 184.169096028205 -77.9855375576375 ) 
                  ( 323.606797749979 -235.114100916989 184.775906502257 -76.5366864730179 ) 
                  ( 323.606797749979 -235.114100916989 185.371319128024 -75.0831142450565 ) 
                  ( 323.606797749979 -235.114100916989 185.95529717765 -73.6249105369356 ) 
                  ( 323.606797749979 -235.114100916989 186.527804628619 -72.1621652975283 ) 
                  ( 323.606797749979 -235.114100916989 187.088806165973 -70.6949687558514 ) 
                  ( 323.606797749979 -235.114100916989 187.638267184497 -69.2234114154985 ) 
                  ( 323.606797749979 -235.114100916989 188.176153790845 -67.7475840490583 ) 
                  ( 323.606797749979 -235.114100916989 188.702432805639 -66.2675776925141 ) 
                  ( 323.606797749979 -235.114100916989 189.217071765509 -64.7834836396299 ) 
                  ( 323.606797749979 -235.114100916989 189.720038925101 -63.2953934363172 ) 
                  ( 323.606797749979 -235.114100916989 190.211303259031 -61.8033988749894 ) 
                  ( 400 0 190.211303259031 -61.8033988749894 ) 
                  ( 400 0 190.6908344638 -60.3075919888991 ) 
                  ( 400 0 191.158602959666 -58.8080650464607 ) 
                  ( 400 0 191.614579892464 -57.3049105455597 ) 
                  ( 400 0 192.058737135389 -55.7982212078458 ) 
                  ( 400 0 192.491047290729 -54.2880899730149 ) 
                  ( 400 0 192.91148369156 -52.7746099930745 ) 
                  ( 400 0 193.320020403381 -51.2578746265993 ) 
                  ( 400 0 193.716632225726 -49.7379774329709 ) 
                  ( 400 0 194.101294693709 -48.2150121666076 ) 
                  ( 400 0 194.473984079535 -46.689072771181 ) 
                  ( 400 0 194.83467739397 -45.1602533738206 ) 
                  ( 400 0 195.183352387749 -43.6286482793085 ) 
                  ( 400 0 195.519987552958 -42.094351964261 ) 
                  ( 400 0 195.844562124353 -40.5574590713025 ) 
                  ( 400 0 196.157056080646 -39.0180644032256 ) 
                  ( 400 0 196.457450145738 -37.4762629171449 ) 
                  ( 400 0 196.745725789907 -35.9321497186384 ) 
                  ( 400 0 197.021865230955 -34.3858200558818 ) 
                  ( 400 0 197.285851435299 -32.8373693137725 ) 
                  ( 400 0 197.537668119028 -31.286893008046 ) 
                  ( 400 0 197.777299748901 -29.7344867793846 ) 
                  ( 400 0 198.004731543312 -28.1802463875164 ) 
                  ( 400 0 198.219949473195 -26.6242677053105 ) 
                  ( 400 0 198.422940262896 -25.0666467128608 ) 
                  ( 400 0 198.613691390985 -23.5074794915675 ) 
                  ( 400 0 198.792191091036 -21.946862218209 ) 
                  ( 400 0 198.958428352345 -20.38489115901 ) 
                  ( 400 0 199.112392920616 -18.8216626637028 ) 
                  ( 400 0 199.254075298588 -17.2572731595845 ) 
                  ( 400 0 199.383466746626 -15.6918191455689 ) 
                  ( 400 0 199.500559283254 -14.1253971862332 ) 
                  ( 400 0 199.605345685654 -12.5581039058627 ) 
                  ( 400 0 199.697819490108 -10.990035982489 ) 
                  ( 400 0 199.777974992394 -9.42129014192853 ) 
                  ( 400 0 199.845807248145 -7.85196315181364 ) 
                  ( 400 0 199.901312073146 -6.28215181562567 ) 
                  ( 400 0 199.9444860436 -4.71195296672196 ) 
                  ( 400 0 199.975326496332 -3.14146346236399 ) 
                  ( 400 0 199.993831528958 -1.57078017774222 ) 
                  ( 400 0 200 0 ) 
                  ( 400 0 199.993831528958 1.57078017774227 ) 
                  ( 400 0 199.975326496332 3.14146346236413 ) 
                  ( 400 0 199.9444860436 4.71195296672203 ) 
                  ( 400 0 199.901312073146 6.28215181562566 ) 
                  ( 400 0 199.845807248145 7.85196315181372 ) 
                  ( 400 0 199.777974992394 9.42129014192853 ) 
                  ( 400 0 199.697819490108 10.9900359824892 ) 
                  ( 400 0 199.605345685654 12.5581039058627 ) 
                  ( 400 0 199.500559283254 14.1253971862333 ) 
                  ( 400 0 199.383466746626 15.691819145569 ) 
                  ( 400 0 199.254075298588 17.2572731595847 ) 
                  ( 400 0 199.112392920616 18.8216626637029 ) 
                  ( 400 0 198.958428352345 20.38489115901 ) 
                  ( 400 0 198.792191091036 21.9468622182091 ) 
                  ( 400 0 198.613691390985 23.5074794915675 ) 
                  ( 400 0 198.422940262896 25.0666467128609 ) 
                  ( 400 0 198.219949473195 26.6242677053105 ) 
                  ( 400 0 198.004731543311 28.1802463875165 ) 
                  ( 400 0 197.777299748901 29.7344867793846 ) 
                  ( 400 0 197.537668119028 31.2868930080462 ) 
                  ( 400 0 197.285851435299 32.8373693137726 ) 
                  ( 400 0 197.021865230955 34.3858200558819 ) 
                  ( 400 0 196.745725789907 35.9321497186385 ) 
                  ( 400 0 196.457450145738 37.4762629171449 ) 
                  ( 400 0 196.157056080646 39.0180644032257 ) 
                  ( 400 0 195.844562124353 40.5574590713025 ) 
                  ( 400 0 195.519987552958 42.0943519642611 ) 
                  ( 400 0 195.183352387749 43.6286482793085 ) 
                  ( 400 0 194.83467739397 45.1602533738207 ) 
                  ( 400 0 194.473984079535 46.6890727711811 ) 
                  ( 400 0 194.101294693708 48.2150121666077 ) 
                  ( 400 0 193.716632225726 49.737977432971 ) 
                  ( 400 0 193.320020403381 51.2578746265993 ) 
                  ( 400 0 192.91148369156 52.7746099930746 ) 
                  ( 400 0 192.491047290729 54.2880899730149 ) 
                  ( 400 0 192.058737135389 55.7982212078459 ) 
                  ( 400 0 191.614579892464 57.3049105455597 ) 
                  ( 400 0 191.158602959666 58.8080650464608 ) 
                  ( 400 0 190.6908344638 60.3075919888991 ) 
                  ( 400 0 190.211303259031 61.8033988749895 ) 
                  ( 323.606797749979 235.114100916989 190.211303259031 61.8033988749895 ) 
                  ( 323.606797749979 235.114100916989 189.720038925101 63.2953934363172 ) 
                  ( 323.606797749979 235.114100916989 189.217071765509 64.7834836396299 ) 
                  ( 323.606797749979 235.114100916989 188.702432805639 66.2675776925142 ) 
                  ( 323.606797749979 235.114100916989 188.176153790845 67.7475840490583 ) 
                  ( 323.606797749979 235.114100916989 187.638267184497 69.2234114154986 ) 
                  ( 323.606797749979 235.114100916989 187.088806165973 70.6949687558514 ) 
                  ( 323.606797749979 235.114100916989 186.527804628619 72.1621652975284 ) 
                  ( 323.606797749979 235.114100916989 185.95529717765 73.6249105369356 ) 
                  ( 323.606797749979 235.114100916989 185.371319128024 75.0831142450566 ) 
                  ( 323.606797749979 235.114100916989 184.775906502257 76.536686473018 ) 
                  ( 323.606797749979 235.114100916989 184.169096028205 77.9855375576377 ) 
                  ( 323.606797749979 235.114100916989 183.550925136796 79.4295781269561 ) 
                  ( 323.606797749979 235.114100916989 182.921431959723 80.868719105749 ) 
                  ( 323.606797749979 235.114100916989 182.280655327089 82.3028717210218 ) 
                  ( 323.606797749979 235.114100916989 181.628634765016 83.7319475074856 ) 
                  ( 323.606797749979 235.114100916989 180.965410493204 85.1558583130145 ) 
                  ( 323.606797749979 235.114100916989 180.291023422449 86.5745163040828 ) 
                  ( 323.606797749979 235.114100916989 179.605515152123 87.987833971183 ) 
                  ( 323.606797749979 235.114100916989 178.908927967605 89.3957241342242 ) 
                  ( 323.606797749979 235.114100916989 178.201304837674 90.7980999479094 ) 
                  ( 323.606797749979 235.114100916989 177.482689411857 92.1948749070925 ) 
                  ( 323.606797749979 235.114100916989 176.753126017739 93.5859628521147 ) 
                  ( 323.606797749979 235.114100916989 176.012659658226 94.9712779741189 ) 
                  ( 323.606797749979 235.114100916989 175.261336008773 96.3507348203431 ) 
                  ( 323.606797749979 235.114100916989 174.499201414559 97.724248299391 ) 
                  ( 323.606797749979 235.114100916989 173.726302887638 99.0917336864815 ) 
                  ( 323.606797749979 235.114100916989 172.942688104031 100.453106628675 ) 
                  ( 323.606797749979 235.114100916989 172.148405400789 101.808283150074 ) 
                  ( 323.606797749979 235.114100916989 171.34350377301 103.15717965701 ) 
                  ( 323.606797749979 235.114100916989 170.528032870818 104.49971294319 ) 
                  ( 323.606797749979 235.114100916989 169.702042996301 105.835800194838 ) 
                  ( 323.606797749979 235.114100916989 168.865585100403 107.165358995799 ) 
                  ( 323.606797749979 235.114100916989 168.018710779788 108.488307332624 ) 
                  ( 323.606797749979 235.114100916989 167.161472273654 109.804563599626 ) 
                  ( 323.606797749979 235.114100916989 166.293922460509 111.11404660392 ) 
                  ( 323.606797749979 235.114100916989 165.416114854912 112.416675570426 ) 
                  ( 323.606797749979 235.114100916989 164.528103604172 113.712370146853 ) 
                  ( 323.606797749979 235.114100916989 163.629943485005 115.001050408656 ) 
                  ( 323.606797749979 235.114100916989 162.721689900157 116.282636863966 ) 
                  ( 323.606797749979 235.114100916989 161.803398874989 117.557050458495 ) 
                  ( 323.606797749979 235.114100916989 160.875127054017 118.824212580408 ) 
                  ( 323.606797749979 235.114100916989 159.936931697418 120.084045065177 ) 
                  ( 323.606797749979 235.114100916989 158.988870677502 121.3364702004 ) 
                  ( 323.606797749979 235.114100916989 158.031002475138 122.581410730595 ) 
                  ( 323.606797749979 235.114100916989 157.063386176149 123.818789861967 ) 
                  ( 323.606797749979 235.114100916989 156.086081467666 125.048531267141 ) 
                  ( 323.606797749979 235.114100916989 155.099148634447 126.270559089876 ) 
                  ( 323.606797749979 235.114100916989 154.102648555158 127.484797949738 ) 
                  ( 323.606797749979 235.114100916989 153.096642698618 128.691172946756 ) 
                  ( 323.606797749979 235.114100916989 152.081193120006 129.889609666037 ) 
                  ( 323.606797749979 235.114100916989 151.056362457037 131.080034182359 ) 
                  ( 323.606797749979 235.114100916989 150.022213926092 132.26237306473 ) 
                  ( 323.606797749979 235.114100916989 148.978811318324 133.43655338092 ) 
                  ( 323.606797749979 235.114100916989 147.926218995722 134.602502701955 ) 
                  ( 323.606797749979 235.114100916989 146.864501887137 135.760149106588 ) 
                  ( 323.606797749979 235.114100916989 145.793725484282 136.909421185738 ) 
                  ( 323.606797749979 235.114100916989 144.71395583769 138.050248046887 ) 
                  ( 323.606797749979 235.114100916989 143.625259552638 139.182559318463 ) 
                  ( 323.606797749979 235.114100916989 142.527703785041 140.306285154171 ) 
                  ( 323.606797749979 235.114100916989 141.421356237309 141.42135623731 ) 
                  ( 323.606797749979 235.114100916989 140.306285154171 142.527703785041 ) 
                  ( 323.606797749979 235.114100916989 139.182559318463 143.625259552638 ) 
                  ( 323.606797749979 235.114100916989 138.050248046887 144.71395583769 ) 
                  ( 323.606797749979 235.114100916989 136.909421185738 145.793725484282 ) 
                  ( 323.606797749979 235.114100916989 135.760149106588 146.864501887137 ) 
                  ( 323.606797749979 235.114100916989 134.602502701955 147.926218995722 ) 
                  ( 323.606797749979 235.114100916989 133.43655338092 148.978811318324 ) 
                  ( 323.606797749979 235.114100916989 132.26237306473 150.022213926092 ) 
                  ( 323.606797749979 235.114100916989 131.080034182359 151.056362457037 ) 
                  ( 323.606797749979 235.114100916989 129.889609666037 152.081193120006 ) 
                  ( 323.606797749979 235.114100916989 128.691172946756 153.096642698618 ) 
                  ( 323.606797749979 235.114100916989 127.484797949738 154.102648555158 ) 
                  ( 323.606797749979 235.114100916989 126.270559089876 155.099148634447 ) 
                  ( 323.606797749979 235.114100916989 125.048531267141 156.086081467666 ) 
                  ( 323.606797749979 235.114100916989 123.818789861967 157.063386176149 ) 
                  ( 323.606797749979 235.114100916989 122.581410730595 158.031002475138 ) 
                  ( 323.606797749979 235.114100916989 121.3364702004 158.988870677502 ) 
                  ( 323.606797749979 235.114100916989 120.084045065177 159.936931697418 ) 
                  ( 323.606797749979 235.114100916989 118.824212580408 160.875127054017 ) 
                  ( 323.606797749979 235.114100916989 117.557050458495 161.803398874989 ) 
                  ( 123.606797749979 380.422606518061 117.557050458495 161.803398874989 ) 
                  ( 123.606797749979 380.422606518061 116.282636863966 162.721689900157 ) 
                  ( 123.606797749979 380.422606518061 115.001050408656 163.629943485005 ) 
                  ( 123.606797749979 380.422606518061 113.712370146853 164.528103604172 ) 
                  ( 123.606797749979 380.422606518061 112.416675570426 165.416114854912 ) 
                  ( 123.606797749979 380.422606518061 111.11404660392 166.293922460509 ) 
                  ( 123.606797749979 380.422606518061 109.804563599626 167.161472273654 ) 
                  ( 123.606797749979 380.422606518061 108.488307332624 168.018710779788 ) 
                  ( 123.606797749979 380.422606518061 107.165358995799 168.865585100403 ) 
                  ( 123.606797749979 380.422606518061 105.835800194838 169.702042996301 ) 
                  ( 123.606797749979 380.422606518061 104.49971294319 170.528032870818 ) 
                  ( 123.606797749979 380.422606518061 103.157179657009 171.34350377301 ) 
                  ( 123.606797749979 380.422606518061 101.808283150074 172.148405400789 ) 
                  ( 123.606797749979 380.422606518061 100.453106628675 172.942688104031 ) 
                  ( 123.606797749979 380.422606518061 99.0917336864815 173.726302887638 ) 
                  ( 123.606797749979 380.422606518061 97.724248299391 174.499201414559 ) 
                  ( 123.606797749979 380.422606518061 96.350734820343 175.261336008773 ) 
                  ( 123.606797749979 380.422606518061 94.9712779741189 176.012659658226 ) 
                  ( 123.606797749979 380.422606518061 93.5859628521147 176.753126017739 ) 
                  ( 123.606797749979 380.422606518061 92.1948749070925 177.482689411857 ) 
                  ( 123.606797749979 380.422606518061 90.7980999479094 178.201304837674 ) 
                  ( 123.606797749979 380.422606518061 89.3957241342242 178.908927967605 ) 
                  ( 123.606797749979 380.422606518061 87.987833971183 179.605515152123 ) 
                  ( 123.606797749979 380.422606518061 86.5745163040828 180.291023422449 ) 
                  ( 123.606797749979 380.422606518061 85.1558583130145 180.965410493204 ) 
                  ( 123.606797749979 380.422606518061 83.7319475074856 181.628634765016 ) 
                  ( 123.606797749979 380.422606518061 82.3028717210217 182.280655327089 ) 
                  ( 123.606797749979 380.422606518061 80.868719105749 182.921431959723 ) 
                  ( 123.606797749979 380.422606518061 79.4295781269561 183.550925136796 ) 
                  ( 123.606797749979 380.422606518061 77.9855375576377 184.169096028205 ) 
                  ( 123.606797749979 380.422606518061 76.536686473018 184.775906502257 ) 
                  ( 123.606797749979 380.422606518061 75.0831142450566 185.371319128024 ) 
                  ( 123.606797749979 380.422606518061 73.6249105369356 185.95529717765 ) 
                  ( 123.606797749979 380.422606518061 72.1621652975283 186.527804628619 ) 
                  ( 123.606797749979 380.422606518061 70.6949687558514 187.088806165973 ) 
                  ( 123.606797749979 380.422606518061 69.2234114154986 187.638267184497 ) 
                  ( 123.606797749979 380.422606518061 67.7475840490582 188.176153790845 ) 
                  ( 123.606797749979 380.422606518061 66.2675776925142 188.702432805639 ) 
                  ( 123.606797749979 380.422606518061 64.7834836396299 189.217071765509 ) 
                  ( 123.606797749979 380.422606518061 63.2953934363172 189.720038925101 ) 
                  ( 123.606797749979 380.422606518061 61.8033988749895 190.211303259031 ) 
                  ( 123.606797749979 380.422606518061 60.3075919888991 190.6908344638 ) 
                  ( 123.606797749979 380.422606518061 58.8080650464608 191.158602959666 ) 
                  ( 123.606797749979 380.422606518061 57.3049105455597 191.614579892464 ) 
                  ( 123.606797749979 380.422606518061 55.7982212078459 192.058737135389 ) 
                  ( 123.606797749979 380.422606518061 54.2880899730148 192.491047290729 ) 
                  ( 123.606797749979 380.422606518061 52.7746099930745 192.91148369156 ) 
                  ( 123.606797749979 380.422606518061 51.2578746265993 193.320020403381 ) 
                  ( 123.606797749979 380.422606518061 49.737977432971 193.716632225726 ) 
                  ( 123.606797749979 380.422606518061 48.2150121666077 194.101294693708 ) 
                  ( 123.606797749979 380.422606518061 46.6890727711811 194.473984079535 ) 
                  ( 123.606797749979 380.422606518061 45.1602533738207 194.83467739397 ) 
                  ( 123.606797749979 380.422606518061 43.6286482793085 195.183352387749 ) 
                  ( 123.606797749979 380.422606518061 42.0943519642611 195.519987552958 ) 
                  ( 123.606797749979 380.422606518061 40.5574590713025 195.844562124353 ) 
                  ( 123.606797749979 380.422606518061 39.0180644032256 196.157056080646 ) 
                  ( 123.606797749979 380.422606518061 37.4762629171449 196.457450145738 ) 
                  ( 123.606797749979 380.422606518061 35.9321497186385 196.745725789907 ) 
                  ( 123.606797749979 380.422606518061 34.3858200558819 197.021865230955 ) 
                  ( 123.606797749979 380.422606518061 32.8373693137726 197.285851435299 ) 
                  ( 123.606797749979 380.422606518061 31.2868930080461 197.537668119028 ) 
                  ( 123.606797749979 380.422606518061 29.7344867793846 197.777299748901 ) 
                  ( 123.606797749979 380.422606518061 28.1802463875165 198.004731543311 ) 
                  ( 123.606797749979 380.422606518061 26.6242677053105 198.219949473195 ) 
                  ( 123.606797749979 380.422606518061 25.0666467128609 198.422940262896 ) 
                  ( 123.606797749979 380.422606518061 23.5074794915675 198.613691390985 ) 
                  ( 123.606797749979 380.422606518061 21.946862218209 198.792191091036 ) 
                  ( 123.606797749979 380.422606518061 20.38489115901 198.958428352345 ) 
                  ( 123.606797749979 380.422606518061 18.8216626637029 199.112392920616 ) 
                  ( 123.606797749979 380.422606518061 17.2572731595847 199.254075298588 ) 
                  ( 123.606797749979 380.422606518061 15.691819145569 199.383466746626 ) 
                  ( 123.606797749979 380.422606518061 14.1253971862333 199.500559283254 ) 
                  ( 123.606797749979 380.422606518061 12.5581039058627 199.605345685654 ) 
                  ( 123.606797749979 380.422606518061 10.9900359824891 199.697819490108 ) 
                  ( 123.606797749979 380.422606518061 9.42129014192854 199.777974992394 ) 
                  ( 123.606797749979 380.422606518061 7.85196315181369 199.845807248145 ) 
                  ( 123.606797749979 380.422606518061 6.28215181562563 199.901312073146 ) 
                  ( 123.606797749979 380.422606518061 4.71195296672202 199.9444860436 ) 
                  ( 123.606797749979 380.422606518061 3.14146346236413 199.975326496332 ) 
                  ( 123.606797749979 380.422606518061 1.57078017774227 199.993831528958 ) 
                  ( 123.606797749979 380.422606518061 0 200 ) 
                  ( -123.606797749979 380.422606518061 0 200 ) 
                  ( -123.606797749979 380.422606518061 -1.57078017774229 199.993831528958 ) 
                  ( -123.606797749979 380.422606518061 -3.14146346236415 199.975326496332 ) 
                  ( -123.606797749979 380.422606518061 -4.71195296672204 199.9444860436 ) 
                  ( -123.606797749979 380.422606518061 -6.28215181562566 199.901312073146 ) 
                  ( -123.606797749979 380.422606518061 -7.85196315181375 199.845807248145 ) 
                  ( -123.606797749979 380.422606518061 -9.42129014192856 199.777974992394 ) 
                  ( -123.606797749979 380.422606518061 -10.9900359824892 199.697819490108 ) 
                  ( -123.606797749979 380.422606518061 -12.5581039058627 199.605345685654 ) 
                  ( -123.606797749979 380.422606518061 -14.1253971862333 199.500559283254 ) 
                  ( -123.606797749979 380.422606518061 -15.691819145569 199.383466746626 ) 
                  ( -123.606797749979 380.422606518061 -17.2572731595847 199.254075298588 ) 
                  ( -123.606797749979 380.422606518061 -18.8216626637029 199.112392920616 ) 
                  ( -123.606797749979 380.422606518061 -20.38489115901 198.958428352345 ) 
                  ( -123.606797749979 380.422606518061 -21.946862218209 198.792191091036 ) 
                  ( -123.606797749979 380.422606518061 -23.5074794915676 198.613691390985 ) 
                  ( -123.606797749979 380.422606518061 -25.0666467128609 198.422940262896 ) 
                  ( -123.606797749979 380.422606518061 -26.6242677053105 198.219949473195 ) 
                  ( -123.606797749979 380.422606518061 -28.1802463875165 198.004731543311 ) 
                  ( -123.606797749979 380.422606518061 -29.7344867793846 197.777299748901 ) 
                  ( -123.606797749979 380.422606518061 -31.2868930080462 197.537668119028 ) 
                  ( -123.606797749979 380.422606518061 -32.8373693137726 197.285851435299 ) 
                  ( -123.606797749979 380.422606518061 -34.3858200558819 197.021865230955 ) 
                  ( -123.606797749979 380.422606518061 -35.9321497186385 196.745725789907 ) 
                  ( -123.606797749979 380.422606518061 -37.476262917145 196.457450145738 ) 
                  ( -123.606797749979 380.422606518061 -39.0180644032257 196.157056080646 ) 
                  ( -123.606797749979 380.422606518061 -40.5574590713025 195.844562124353 ) 
                  ( -123.606797749979 380.422606518061 -42.0943519642611 195.519987552958 ) 
                  ( -123.606797749979 380.422606518061 -43.6286482793085 195.183352387749 ) 
                  ( -123.606797749979 380.422606518061 -45.1602533738208 194.83467739397 ) 
                  ( -123.606797749979 380.422606518061 -46.6890727711811 194.473984079535 ) 
                  ( -123.606797749979 380.422606518061 -48.2150121666077 194.101294693708 ) 
                  ( -123.606797749979 380.422606518061 -49.737977432971 193.716632225726 ) 
                  ( -123.606797749979 380.422606518061 -51.2578746265993 193.320020403381 ) 
                  ( -123.606797749979 380.422606518061 -52.7746099930746 192.91148369156 ) 
                  ( -123.606797749979 380.422606518061 -54.2880899730149 192.491047290729 ) 
                  ( -123.606797749979 380.422606518061 -55.7982212078459 192.058737135389 ) 
                  ( -123.606797749979 380.422606518061 -57.3049105455597 191.614579892464 ) 
                  ( -123.606797749979 380.422606518061 -58.8080650464608 191.158602959666 ) 
                  ( -123.606797749979 380.422606518061 -60.3075919888992 190.6908344638 ) 
                  ( -123.606797749979 380.422606518061 -61.8033988749895 190.211303259031 ) 
                  ( -123.606797749979 380.422606518061 -63.2953934363172 189.720038925101 ) 
                  ( -123.606797749979 380.422606518061 -64.7834836396299 189.217071765509 ) 
                  ( -123.606797749979 380.422606518061 -66.2675776925142 188.702432805639 ) 
                  ( -123.606797749979 380.422606518061 -67.7475840490583 188.176153790845 ) 
                  ( -123.606797749979 380.422606518061 -69.2234114154986 187.638267184497 ) 
                  ( -123.606797749979 380.422606518061 -70.6949687558514 187.088806165973 ) 
                  ( -123.606797749979 380.422606518061 -72.1621652975284 186.527804628619 ) 
                  ( -123.606797749979 380.422606518061 -73.6249105369356 185.95529717765 ) 
                  ( -123.606797749979 380.422606518061 -75.0831142450566 185.371319128024 ) 
                  ( -123.606797749979 380.422606518061 -76.536686473018 184.775906502257 ) 
                  ( -123.606797749979 380.422606518061 -77.9855375576377 184.169096028205 ) 
                  ( -123.606797749979 380.422606518061 -79.4295781269561 183.550925136796 ) 
                  ( -123.606797749979 380.422606518061 -80.868719105749 182.921431959723 ) 
                  ( -123.606797749979 380.422606518061 -82.3028717210218 182.280655327089 ) 
                  ( -123.606797749979 380.422606518061 -83.7319475074856 181.628634765016 ) 
                  ( -123.606797749979 380.422606518061 -85.1558583130145 180.965410493204 ) 
                  ( -123.606797749979 380.422606518061 -86.5745163040828 180.291023422449 ) 
                  ( -123.606797749979 380.422606518061 -87.987833971183 179.605515152123 ) 
                  ( -123.606797749979 380.422606518061 -89.3957241342242 178.908927967605 ) 
                  ( -123.606797749979 380.422606518061 -90.7980999479093 178.201304837674 ) 
                  ( -123.606797749979 380.422606518061 -92.1948749070925 177.482689411857 ) 
                  ( -123.606797749979 380.422606518061 -93.5859628521147 176.753126017739 ) 
                  ( -123.606797749979 380.422606518061 -94.971277974119 176.012659658226 ) 
                  ( -123.606797749979 380.422606518061 -96.3507348203431 175.261336008773 ) 
                  ( -123.606797749979 380.422606518061 -97.724248299391 174.499201414559 ) 
                  ( -123.606797749979 380.422606518061 -99.0917336864815 173.726302887638 ) 
                  ( -123.606797749979 380.422606518061 -100.453106628675 172.942688104031 ) 
                  ( -123.606797749979 380.422606518061 -101.808283150074 172.148405400789 ) 
                  ( -123.606797749979 380.422606518061 -103.157179657009 171.34350377301 ) 
                  ( -123.606797749979 380.422606518061 -104.49971294319 170.528032870818 ) 
                  ( -123.606797749979 380.422606518061 -105.835800194838 169.702042996301 ) 
                  ( -123.606797749979 380.422606518061 -107.165358995799 168.865585100403 ) 
                  ( -123.606797749979 380.422606518061 -108.488307332624 168.018710779788 ) 
                  ( -123.606797749979 380.422606518061 -109.804563599626 167.161472273654 ) 
                  ( -123.606797749979 380.422606518061 -111.11404660392 166.293922460509 ) 
                  ( -123.606797749979 380.422606518061 -112.416675570426 165.416114854912 ) 
                  ( -123.606797749979 380.422606518061 -113.712370146853 164.528103604172 ) 
                  ( -123.606797749979 380.422606518061 -115.001050408656 163.629943485005 ) 
                  ( -123.606797749979 380.422606518061 -116.282636863966 162.721689900157 ) 
                  ( -123.606797749979 380.422606518061 -117.557050458495 161.803398874989 ) 
                  ( -323.606797749979 235.114100916989 -117.557050458495 161.803398874989 ) 
                  ( -323.606797749979 235.114100916989 -118.824212580408 160.875127054017 ) 
                  ( -323.606797749979 235.114100916989 -120.084045065177 159.936931697418 ) 
                  ( -323.606797749979 235.114100916989 -121.3364702004 158.988870677502 ) 
                  ( -323.606797749979 235.114100916989 -122.581410730595 158.031002475138 ) 
                  ( -323.606797749979 235.114100916989 -123.818789861967 157.063386176149 ) 
                  ( -323.606797749979 235.114100916989 -125.048531267141 156.086081467666 ) 
                  ( -323.606797749979 235.114100916989 -126.270559089876 155.099148634447 ) 
                  ( -323.606797749979 235.114100916989 -127.484797949738 154.102648555158 ) 
                  ( -323.606797749979 235.114100916989 -128.691172946756 153.096642698618 ) 
                  ( -323.606797749979 235.114100916989 -129.889609666037 152.081193120006 ) 
                  ( -323.606797749979 235.114100916989 -131.080034182359 151.056362457037 ) 
                  ( -323.606797749979 235.114100916989 -132.26237306473 150.022213926092 ) 
                  ( -323.606797749979 235.114100916989 -133.43655338092 148.978811318324 ) 
                  ( -323.606797749979 235.114100916989 -134.602502701955 147.926218995722 ) 
                  ( -323.606797749979 235.114100916989 -135.760149106588 146.864501887137 ) 
                  ( -323.606797749979 235.114100916989 -136.909421185738 145.793725484282 ) 
                  ( -323.606797749979 235.114100916989 -138.050248046887 144.71395583769 ) 
                  ( -323.606797749979 235.114100916989 -139.182559318463 143.625259552638 ) 
                  ( -323.606797749979 235.114100916989 -140.306285154171 142.527703785041 ) 
                  ( -323.606797749979 235.114100916989 -141.421356237309 141.42135623731 ) 
                  ( -323.606797749979 235.114100916989 -142.527703785041 140.306285154171 ) 
                  ( -323.606797749979 235.114100916989 -143.625259552638 139.182559318463 ) 
                  ( -323.606797749979 235.114100916989 -144.71395583769 138.050248046887 ) 
                  ( -323.606797749979 235.114100916989 -145.793725484282 136.909421185738 ) 
                  ( -323.606797749979 235.114100916989 -146.864501887137 135.760149106588 ) 
                  ( -323.606797749979 235.114100916989 -147.926218995722 134.602502701955 ) 
                  ( -323.606797749979 235.114100916989 -148.978811318324 133.43655338092 ) 
                  ( -323.606797749979 235.114100916989 -150.022213926092 132.26237306473 ) 
                  ( -323.606797749979 235.114100916989 -151.056362457037 131.080034182359 ) 
                  ( -323.606797749979 235.114100916989 -152.081193120006 129.889609666037 ) 
                  ( -323.606797749979 235.114100916989 -153.096642698618 128.691172946756 ) 
                  ( -323.606797749979 235.114100916989 -154.102648555158 127.484797949738 ) 
                  ( -323.606797749979 235.114100916989 -155.099148634447 126.270559089876 ) 
                  ( -323.606797749979 235.114100916989 -156.086081467666 125.048531267141 ) 
                  ( -323.606797749979 235.114100916989 -157.063386176149 123.818789861967 ) 
                  ( -323.606797749979 235.114100916989 -158.031002475138 122.581410730595 ) 
                  ( -323.606797749979 235.114100916989 -158.988870677502 121.3364702004 ) 
                  ( -323.606797749979 235.114100916989 -159.936931697418 120.084045065177 ) 
                  ( -323.606797749979 235.114100916989 -160.875127054017 118.824212580408 ) 
                  ( -323.606797749979 235.114100916989 -161.803398874989 117.557050458495 ) 
                  ( -323.606797749979 235.114100916989 -162.721689900157 116.282636863966 ) 
                  ( -323.606797749979 235.114100916989 -163.629943485005 115.001050408656 ) 
                  ( -323.606797749979 235.114100916989 -164.528103604172 113.712370146853 ) 
                  ( -323.606797749979 235.114100916989 -165.416114854912 112.416675570426 ) 
                  ( -323.606797749979 235.114100916989 -166.293922460509 111.11404660392 ) 
                  ( -323.606797749979 235.114100916989 -167.161472273654 109.804563599626 ) 
                  ( -323.606797749979 235.114100916989 -168.018710779788 108.488307332624 ) 
                  ( -323.606797749979 235.114100916989 -168.865585100403 107.165358995799 ) 
                  ( -323.606797749979 235.114100916989 -169.702042996301 105.835800194838 ) 
                  ( -323.606797749979 235.114100916989 -170.528032870818 104.49971294319 ) 
                  ( -323.606797749979 235.114100916989 -171.34350377301 103.157179657009 ) 
                  ( -323.606797749979 235.114100916989 -172.148405400789 101.808283150074 ) 
                  ( -323.606797749979 235.114100916989 -172.942688104031 100.453106628674 ) 
                  ( -323.606797749979 235.114100916989 -173.726302887638 99.0917336864815 ) 
                  ( -323.606797749979 235.114100916989 -174.499201414559 97.724248299391 ) 
                  ( -323.606797749979 235.114100916989 -175.261336008773 96.350734820343 ) 
                  ( -323.606797749979 235.114100916989 -176.012659658226 94.9712779741189 ) 
                  ( -323.606797749979 235.114100916989 -176.753126017739 93.5859628521147 ) 
                  ( -323.606797749979 235.114100916989 -177.482689411857 92.1948749070925 ) 
                  ( -323.606797749979 235.114100916989 -178.201304837674 90.7980999479093 ) 
                  ( -323.606797749979 235.114100916989 -178.908927967605 89.3957241342242 ) 
                  ( -323.606797749979 235.114100916989 -179.605515152123 87.987833971183 ) 
                  ( -323.606797749979 235.114100916989 -180.291023422449 86.5745163040827 ) 
                  ( -323.606797749979 235.114100916989 -180.965410493204 85.1558583130145 ) 
                  ( -323.606797749979 235.114100916989 -181.628634765016 83.7319475074856 ) 
                  ( -323.606797749979 235.114100916989 -182.280655327089 82.3028717210217 ) 
                  ( -323.606797749979 235.114100916989 -182.921431959723 80.868719105749 ) 
                  ( -323.606797749979 235.114100916989 -183.550925136796 79.4295781269561 ) 
                  ( -323.606797749979 235.114100916989 -184.169096028205 77.9855375576377 ) 
                  ( -323.606797749979 235.114100916989 -184.775906502257 76.5366864730179 ) 
                  ( -323.606797749979 235.114100916989 -185.371319128024 75.0831142450566 ) 
                  ( -323.606797749979 235.114100916989 -185.95529717765 73.6249105369355 ) 
                  ( -323.606797749979 235.114100916989 -186.527804628619 72.1621652975283 ) 
                  ( -323.606797749979 235.114100916989 -187.088806165973 70.6949687558514 ) 
                  ( -323.606797749979 235.114100916989 -187.638267184497 69.2234114154986 ) 
                  ( -323.606797749979 235.114100916989 -188.176153790845 67.7475840490583 ) 
                  ( -323.606797749979 235.114100916989 -188.702432805639 66.2675776925142 ) 
                  ( -323.606797749979 235.114100916989 -189.217071765509 64.7834836396299 ) 
                  ( -323.606797749979 235.114100916989 -189.720038925101 63.2953934363172 ) 
                  ( -323.606797749979 235.114100916989 -190.211303259031 61.8033988749894 ) 
                  ( -400 0 -190.211303259031 61.8033988749894 ) 
                  ( -400 0 -190.6908344638 60.3075919888991 ) 
                  ( -400 0 -191.158602959666 58.8080650464607 ) 
                  ( -400 0 -191.614579892464 57.3049105455596 ) 
                  ( -400 0 -192.058737135389 55.7982212078458 ) 
                  ( -400 0 -192.491047290729 54.2880899730148 ) 
                  ( -400 0 -192.91148369156 52.7746099930746 ) 
                  ( -400 0 -193.320020403381 51.2578746265993 ) 
                  ( -400 0 -193.716632225726 49.737977432971 ) 
                  ( -400 0 -194.101294693708 48.2150121666077 ) 
                  ( -400 0 -194.473984079535 46.689072771181 ) 
                  ( -400 0 -194.83467739397 45.1602533738207 ) 
                  ( -400 0 -195.183352387749 43.6286482793085 ) 
                  ( -400 0 -195.519987552958 42.0943519642611 ) 
                  ( -400 0 -195.844562124353 40.5574590713025 ) 
                  ( -400 0 -196.157056080646 39.0180644032256 ) 
                  ( -400 0 -196.457450145738 37.4762629171449 ) 
                  ( -400 0 -196.745725789907 35.9321497186385 ) 
                  ( -400 0 -197.021865230955 34.3858200558819 ) 
                  ( -400 0 -197.285851435299 32.8373693137726 ) 
                  ( -400 0 -197.537668119028 31.2868930080461 ) 
                  ( -400 0 -197.777299748901 29.7344867793845 ) 
                  ( -400 0 -198.004731543312 28.1802463875165 ) 
                  ( -400 0 -198.219949473195 26.6242677053104 ) 
                  ( -400 0 -198.422940262896 25.0666467128608 ) 
                  ( -400 0 -198.613691390985 23.5074794915675 ) 
                  ( -400 0 -198.792191091036 21.946862218209 ) 
                  ( -400 0 -198.958428352345 20.38489115901 ) 
                  ( -400 0 -199.112392920616 18.8216626637029 ) 
                  ( -400 0 -199.254075298588 17.2572731595846 ) 
                  ( -400 0 -199.383466746626 15.6918191455689 ) 
                  ( -400 0 -199.500559283254 14.1253971862333 ) 
                  ( -400 0 -199.605345685654 12.5581039058626 ) 
                  ( -400 0 -199.697819490108 10.9900359824891 ) 
                  ( -400 0 -199.777974992394 9.4212901419285 ) 
                  ( -400 0 -199.845807248145 7.8519631518137 ) 
                  ( -400 0 -199.901312073146 6.28215181562565 ) 
                  ( -400 0 -199.9444860436 4.71195296672203 ) 
                  ( -400 0 -199.975326496332 3.14146346236414 ) 
                  ( -400 0 -199.993831528958 1.57078017774219 ) 
                  ( -400 0 -200 0 ) 
                  ( -400 0 -199.993831528958 -1.57078017774232 ) 
                  ( -400 0 -199.975326496332 -3.14146346236418 ) 
                  ( -400 0 -199.9444860436 -4.71195296672207 ) 
                  ( -400 0 -199.901312073146 -6.28215181562569 ) 
                  ( -400 0 -199.845807248145 -7.85196315181374 ) 
                  ( -400 0 -199.777974992394 -9.42129014192854 ) 
                  ( -400 0 -199.697819490108 -10.9900359824892 ) 
                  ( -400 0 -199.605345685654 -12.5581039058627 ) 
                  ( -400 0 -199.500559283254 -14.1253971862334 ) 
                  ( -400 0 -199.383466746626 -15.6918191455691 ) 
                  ( -400 0 -199.254075298588 -17.2572731595847 ) 
                  ( -400 0 -199.112392920616 -18.8216626637029 ) 
                  ( -400 0 -198.958428352345 -20.38489115901 ) 
                  ( -400 0 -198.792191091036 -21.9468622182091 ) 
                  ( -400 0 -198.613691390985 -23.5074794915675 ) 
                  ( -400 0 -198.422940262896 -25.0666467128609 ) 
                  ( -400 0 -198.219949473195 -26.6242677053105 ) 
                  ( -400 0 -198.004731543311 -28.1802463875165 ) 
                  ( -400 0 -197.777299748901 -29.7344867793847 ) 
                  ( -400 0 -197.537668119028 -31.2868930080462 ) 
                  ( -400 0 -197.285851435299 -32.8373693137726 ) 
                  ( -400 0 -197.021865230955 -34.385820055882 ) 
                  ( -400 0 -196.745725789907 -35.9321497186385 ) 
                  ( -400 0 -196.457450145738 -37.476262917145 ) 
                  ( -400 0 -196.157056080646 -39.0180644032257 ) 
                  ( -400 0 -195.844562124353 -40.5574590713025 ) 
                  ( -400 0 -195.519987552958 -42.0943519642611 ) 
                  ( -400 0 -195.183352387749 -43.6286482793085 ) 
                  ( -400 0 -194.83467739397 -45.1602533738208 ) 
                  ( -400 0 -194.473984079535 -46.6890727711811 ) 
                  ( -400 0 -194.101294693708 -48.2150121666078 ) 
                  ( -400 0 -193.716632225726 -49.737977432971 ) 
                  ( -400 0 -193.320020403381 -51.2578746265994 ) 
                  ( -400 0 -192.91148369156 -52.7746099930746 ) 
                  ( -400 0 -192.491047290729 -54.2880899730149 ) 
                  ( -400 0 -192.058737135389 -55.7982212078459 ) 
                  ( -400 0 -191.614579892464 -57.3049105455597 ) 
                  ( -400 0 -191.158602959666 -58.8080650464608 ) 
                  ( -400 0 -190.6908344638 -60.3075919888992 ) 
                  ( -400 0 -190.211303259031 -61.8033988749895 ) 
                  ( -323.606797749979 -235.114100916989 -190.211303259031 -61.8033988749895 ) 
                  ( -323.606797749979 -235.114100916989 -189.720038925101 -63.2953934363173 ) 
                  ( -323.606797749979 -235.114100916989 -189.217071765509 -64.7834836396299 ) 
                  ( -323.606797749979 -235.114100916989 -188.702432805639 -66.2675776925142 ) 
                  ( -323.606797749979 -235.114100916989 -188.176153790845 -67.7475840490583 ) 
                  ( -323.606797749979 -235.114100916989 -187.638267184497 -69.2234114154986 ) 
                  ( -323.606797749979 -235.114100916989 -187.088806165973 -70.6949687558514 ) 
                  ( -323.606797749979 -235.114100916989 -186.527804628619 -72.1621652975284 ) 
                  ( -323.606797749979 -235.114100916989 -185.95529717765 -73.6249105369357 ) 
                  ( -323.606797749979 -235.114100916989 -185.371319128024 -75.0831142450567 ) 
                  ( -323.606797749979 -235.114100916989 -184.775906502257 -76.536686473018 ) 
                  ( -323.606797749979 -235.114100916989 -184.169096028205 -77.9855375576377 ) 
                  ( -323.606797749979 -235.114100916989 -183.550925136796 -79.4295781269562 ) 
                  ( -323.606797749979 -235.114100916989 -182.921431959723 -80.868719105749 ) 
                  ( -323.606797749979 -235.114100916989 -182.280655327089 -82.3028717210218 ) 
                  ( -323.606797749979 -235.114100916989 -181.628634765016 -83.7319475074856 ) 
                  ( -323.606797749979 -235.114100916989 -180.965410493204 -85.1558583130145 ) 
                  ( -323.606797749979 -235.114100916989 -180.291023422449 -86.5745163040828 ) 
                  ( -323.606797749979 -235.114100916989 -179.605515152123 -87.9878339711831 ) 
                  ( -323.606797749979 -235.114100916989 -178.908927967605 -89.3957241342243 ) 
                  ( -323.606797749979 -235.114100916989 -178.201304837674 -90.7980999479094 ) 
                  ( -323.606797749979 -235.114100916989 -177.482689411857 -92.1948749070925 ) 
                  ( -323.606797749979 -235.114100916989 -176.753126017739 -93.5859628521147 ) 
                  ( -323.606797749979 -235.114100916989 -176.012659658226 -94.9712779741189 ) 
                  ( -323.606797749979 -235.114100916989 -175.261336008773 -96.3507348203431 ) 
                  ( -323.606797749979 -235.114100916989 -174.499201414559 -97.724248299391 ) 
                  ( -323.606797749979 -235.114100916989 -173.726302887638 -99.0917336864815 ) 
                  ( -323.606797749979 -235.114100916989 -172.942688104031 -100.453106628675 ) 
                  ( -323.606797749979 -235.114100916989 -172.148405400789 -101.808283150074 ) 
                  ( -323.606797749979 -235.114100916989 -171.34350377301 -103.15717965701 ) 
                  ( -323.606797749979 -235.114100916989 -170.528032870818 -104.49971294319 ) 
                  ( -323.606797749979 -235.114100916989 -169.702042996301 -105.835800194838 ) 
                  ( -323.606797749979 -235.114100916989 -168.865585100403 -107.165358995799 ) 
                  ( -323.606797749979 -235.114100916989 -168.018710779788 -108.488307332624 ) 
                  ( -323.606797749979 -235.114100916989 -167.161472273654 -109.804563599626 ) 
                  ( -323.606797749979 -235.114100916989 -166.293922460509 -111.11404660392 ) 
                  ( -323.606797749979 -235.114100916989 -165.416114854912 -112.416675570426 ) 
                  ( -323.606797749979 -235.114100916989 -164.528103604172 -113.712370146853 ) 
                  ( -323.606797749979 -235.114100916989 -163.629943485005 -115.001050408656 ) 
                  ( -323.606797749979 -235.114100916989 -162.721689900157 -116.282636863966 ) 
                  ( -323.606797749979 -235.114100916989 -161.803398874989 -117.557050458495 ) 
                  ( -323.606797749979 -235.114100916989 -160.875127054017 -118.824212580408 ) 
                  ( -323.606797749979 -235.114100916989 -159.936931697418 -120.084045065177 ) 
                  ( -323.606797749979 -235.114100916989 -158.988870677502 -121.3364702004 ) 
                  ( -323.606797749979 -235.114100916989 -158.031002475138 -122.581410730595 ) 
                  ( -323.606797749979 -235.114100916989 -157.063386176149 -123.818789861967 ) 
                  ( -323.606797749979 -235.114100916989 -156.086081467666 -125.048531267141 ) 
                  ( -323.606797749979 -235.114100916989 -155.099148634447 -126.270559089876 ) 
                  ( -323.606797749979 -235.114100916989 -154.102648555158 -127.484797949738 ) 
                  ( -323.606797749979 -235.114100916989 -153.096642698618 -128.691172946756 ) 
                  ( -323.606797749979 -235.114100916989 -152.081193120006 -129.889609666037 ) 
                  ( -323.606797749979 -235.114100916989 -151.056362457037 -131.080034182359 ) 
                  ( -323.606797749979 -235.114100916989 -150.022213926092 -132.26237306473 ) 
                  ( -323.606797749979 -235.114100916989 -148.978811318324 -133.43655338092 ) 
                  ( -323.606797749979 -235.114100916989 -147.926218995722 -134.602502701955 ) 
                  ( -323.606797749979 -235.114100916989 -146.864501887137 -135.760149106588 ) 
                  ( -323.606797749979 -235.114100916989 -145.793725484282 -136.909421185738 ) 
                  ( -323.606797749979 -235.114100916989 -144.71395583769 -138.050248046887 ) 
                  ( -323.606797749979 -235.114100916989 -143.625259552638 -139.182559318463 ) 
                  ( -323.606797749979 -235.114100916989 -142.527703785041 -140.306285154171 ) 
                  ( -323.606797749979 -235.114100916989 -141.421356237309 -141.42135623731 ) 
                  ( -323.606797749979 -235.114100916989 -140.306285154171 -142.527703785041 ) 
                  ( -323.606797749979 -235.114100916989 -139.182559318463 -143.625259552638 ) 
                  ( -323.606797749979 -235.114100916989 -138.050248046887 -144.71395583769 ) 
                  ( -323.606797749979 -235.114100916989 -136.909421185738 -145.793725484282 ) 
                  ( -323.606797749979 -235.114100916989 -135.760149106588 -146.864501887137 ) 
                  ( -323.606797749979 -235.114100916989 -134.602502701955 -147.926218995722 ) 
                  ( -323.606797749979 -235.114100916989 -133.43655338092 -148.978811318324 ) 
                  ( -323.606797749979 -235.114100916989 -132.26237306473 -150.022213926092 ) 
                  ( -323.606797749979 -235.114100916989 -131.080034182359 -151.056362457037 ) 
                  ( -323.606797749979 -235.114100916989 -129.889609666037 -152.081193120006 ) 
                  ( -323.606797749979 -235.114100916989 -128.691172946756 -153.096642698618 ) 
                  ( -323.606797749979 -235.114100916989 -127.484797949738 -154.102648555158 ) 
                  ( -323.606797749979 -235.114100916989 -126.270559089875 -155.099148634447 ) 
                  ( -323.606797749979 -235.114100916989 -125.048531267141 -156.086081467666 ) 
                  ( -323.606797749979 -235.114100916989 -123.818789861967 -157.063386176149 ) 
                  ( -323.606797749979 -235.114100916989 -122.581410730595 -158.031002475138 ) 
                  ( -323.606797749979 -235.114100916989 -121.3364702004 -158.988870677502 ) 
                  ( -323.606797749979 -235.114100916989 -120.084045065177 -159.936931697418 ) 
                  ( -323.606797749979 -235.114100916989 -118.824212580408 -160.875127054017 ) 
                  ( -323.606797749979 -235.114100916989 -117.557050458495 -161.803398874989 ) 
                  ( -123.606797749979 -380.422606518061 -117.557050458495 -161.803398874989 ) 
                  ( -123.606797749979 -380.422606518061 -116.282636863966 -162.721689900157 ) 
                  ( -123.606797749979 -380.422606518061 -115.001050408656 -163.629943485005 ) 
                  ( -123.606797749979 -380.422606518061 -113.712370146853 -164.528103604172 ) 
                  ( -123.606797749979 -380.422606518061 -112.416675570426 -165.416114854912 ) 
                  ( -123.606797749979 -380.422606518061 -111.11404660392 -166.293922460509 ) 
                  ( -123.606797749979 -380.422606518061 -109.804563599626 -167.161472273654 ) 
                  ( -123.606797749979 -380.422606518061 -108.488307332624 -168.018710779788 ) 
                  ( -123.606797749979 -380.422606518061 -107.165358995799 -168.865585100403 ) 
                  ( -123.606797749979 -380.422606518061 -105.835800194838 -169.702042996301 ) 
                  ( -123.606797749979 -380.422606518061 -104.49971294319 -170.528032870818 ) 
                  ( -123.606797749979 -380.422606518061 -103.15717965701 -171.34350377301 ) 
                  ( -123.606797749979 -380.422606518061 -101.808283150074 -172.148405400789 ) 
                  ( -123.606797749979 -380.422606518061 -100.453106628674 -172.942688104031 ) 
                  ( -123.606797749979 -380.422606518061 -99.0917336864815 -173.726302887638 ) 
                  ( -123.606797749979 -380.422606518061 -97.7242482993909 -174.499201414559 ) 
                  ( -123.606797749979 -380.422606518061 -96.350734820343 -175.261336008773 ) 
                  ( -123.606797749979 -380.422606518061 -94.9712779741188 -176.012659658226 ) 
                  ( -123.606797749979 -380.422606518061 -93.5859628521147 -176.753126017739 ) 
                  ( -123.606797749979 -380.422606518061 -92.1948749070924 -177.482689411857 ) 
                  ( -123.606797749979 -380.422606518061 -90.7980999479094 -178.201304837674 ) 
                  ( -123.606797749979 -380.422606518061 -89.3957241342242 -178.908927967605 ) 
                  ( -123.606797749979 -380.422606518061 -87.9878339711829 -179.605515152123 ) 
                  ( -123.606797749979 -380.422606518061 -86.5745163040828 -180.291023422449 ) 
                  ( -123.606797749979 -380.422606518061 -85.1558583130144 -180.965410493204 ) 
                  ( -123.606797749979 -380.422606518061 -83.7319475074856 -181.628634765016 ) 
                  ( -123.606797749979 -380.422606518061 -82.3028717210217 -182.280655327089 ) 
                  ( -123.606797749979 -380.422606518061 -80.868719105749 -182.921431959723 ) 
                  ( -123.606797749979 -380.422606518061 -79.4295781269561 -183.550925136796 ) 
                  ( -123.606797749979 -380.422606518061 -77.9855375576377 -184.169096028205 ) 
                  ( -123.606797749979 -380.422606518061 -76.5366864730179 -184.775906502257 ) 
                  ( -123.606797749979 -380.422606518061 -75.0831142450566 -185.371319128024 ) 
                  ( -123.606797749979 -380.422606518061 -73.6249105369356 -185.95529717765 ) 
                  ( -123.606797749979 -380.422606518061 -72.1621652975282 -186.527804628619 ) 
                  ( -123.606797749979 -380.422606518061 -70.6949687558514 -187.088806165973 ) 
                  ( -123.606797749979 -380.422606518061 -69.2234114154985 -187.638267184497 ) 
                  ( -123.606797749979 -380.422606518061 -67.7475840490583 -188.176153790845 ) 
                  ( -123.606797749979 -380.422606518061 -66.2675776925141 -188.702432805639 ) 
                  ( -123.606797749979 -380.422606518061 -64.7834836396299 -189.217071765509 ) 
                  ( -123.606797749979 -380.422606518061 -63.2953934363172 -189.720038925101 ) 
                  ( -123.606797749979 -380.422606518061 -61.8033988749895 -190.211303259031 ) 
                  ( -123.606797749979 -380.422606518061 -60.3075919888991 -190.6908344638 ) 
                  ( -123.606797749979 -380.422606518061 -58.8080650464607 -191.158602959666 ) 
                  ( -123.606797749979 -380.422606518061 -57.3049105455596 -191.614579892464 ) 
                  ( -123.606797749979 -380.422606518061 -55.7982212078457 -192.058737135389 ) 
                  ( -123.606797749979 -380.422606518061 -54.2880899730148 -192.491047290729 ) 
                  ( -123.606797749979 -380.422606518061 -52.7746099930745 -192.91148369156 ) 
                  ( -123.606797749979 -380.422606518061 -51.2578746265993 -193.320020403381 ) 
                  ( -123.606797749979 -380.422606518061 -49.7379774329709 -193.716632225726 ) 
                  ( -123.606797749979 -380.422606518061 -48.2150121666078 -194.101294693708 ) 
                  ( -123.606797749979 -380.422606518061 -46.689072771181 -194.473984079535 ) 
                  ( -123.606797749979 -380.422606518061 -45.1602533738208 -194.83467739397 ) 
                  ( -123.606797749979 -380.422606518061 -43.6286482793085 -195.183352387749 ) 
                  ( -123.606797749979 -380.422606518061 -42.094351964261 -195.519987552958 ) 
                  ( -123.606797749979 -380.422606518061 -40.5574590713025 -195.844562124353 ) 
                  ( -123.606797749979 -380.422606518061 -39.0180644032256 -196.157056080646 ) 
                  ( -123.606797749979 -380.422606518061 -37.4762629171449 -196.457450145738 ) 
                  ( -123.606797749979 -380.422606518061 -35.9321497186384 -196.745725789907 ) 
                  ( -123.606797749979 -380.422606518061 -34.3858200558819 -197.021865230955 ) 
                  ( -123.606797749979 -380.422606518061 -32.8373693137725 -197.285851435299 ) 
                  ( -123.606797749979 -380.422606518061 -31.2868930080462 -197.537668119028 ) 
                  ( -123.606797749979 -380.422606518061 -29.7344867793846 -197.777299748901 ) 
                  ( -123.606797749979 -380.422606518061 -28.1802463875164 -198.004731543312 ) 
                  ( -123.606797749979 -380.422606518061 -26.6242677053104 -198.219949473195 ) 
                  ( -123.606797749979 -380.422606518061 -25.0666467128607 -198.422940262896 ) 
                  ( -123.606797749979 -380.422606518061 -23.5074794915675 -198.613691390985 ) 
                  ( -123.606797749979 -380.422606518061 -21.946862218209 -198.792191091036 ) 
                  ( -123.606797749979 -380.422606518061 -20.38489115901 -198.958428352345 ) 
                  ( -123.606797749979 -380.422606518061 -18.8216626637028 -199.112392920616 ) 
                  ( -123.606797749979 -380.422606518061 -17.2572731595847 -199.254075298588 ) 
                  ( -123.606797749979 -380.422606518061 -15.6918191455689 -199.383466746626 ) 
                  ( -123.606797749979 -380.422606518061 -14.1253971862332 -199.500559283254 ) 
                  ( -123.606797749979 -380.422606518061 -12.5581039058626 -199.605345685654 ) 
                  ( -123.606797749979 -380.422606518061 -10.990035982489 -199.697819490108 ) 
                  ( -123.606797749979 -380.422606518061 -9.42129014192851 -199.777974992394 ) 
                  ( -123.606797749979 -380.422606518061 -7.85196315181363 -199.845807248145 ) 
                  ( -123.606797749979 -380.422606518061 -6.28215181562566 -199.901312073146 ) 
                  ( -123.606797749979 -380.422606518061 -4.71195296672195 -199.9444860436 ) 
                  ( -123.606797749979 -380.422606518061 -3.14146346236415 -199.975326496332 ) 
                  ( -123.606797749979 -380.422606518061 -1.57078017774221 -199.993831528958 ) 
                  ( -123.606797749979 -380.422606518061 0 -200 ) 
                  ( 123.606797749979 -380.422606518061 0 -200 ) ) ) ) ) ) )
