
( OBJECT mregion 
   ( ) mregion 
   ( 
      ( 
         ( "2024-01-01-00:00:00.000" "2024-01-02-00:00:00.000" TRUE TRUE ) 
         ( 
            ( 
               ( 
                  ( 427.368421052632 616.842105263158 775.577951872941 597.383346942638 ) 
                  ( 427.368421052632 616.842105263158 921.269014297542 693.631741123596 ) 
                  ( 320 831.578947368421 921.269014297542 693.631741123596 ) 
                  ( 320 831.578947368421 603.517466385064 745.052116096984 ) 
                  ( 77.894736842105 477.894736842105 603.517466385064 745.052116096984 ) 
                  ( 77.894736842105 477.894736842105 775.577951872941 597.383346942638 ) ) ) ) ) ) )
