
( OBJECT mregion 
   ( ) mregion 
   ( 
      ( 
         ( "2024-01-01-00:00:00.000" "2024-01-02-00:00:00.000" TRUE TRUE ) 
         ( 
            ( 
               ( 
                  ( 56.179775280899 601.123595505618 914.448820932014 565.560286793572 ) 
                  ( 144.662921348315 297.752808988764 914.448820932014 565.560286793572 ) 
                  ( 144.662921348315 297.752808988764 1435.01378394174 363.755367212711 ) 
                  ( 615.168539325843 462.078651685393 1435.01378394174 363.755367212711 ) 
                  ( 615.168539325843 462.078651685393 1571.46142843107 591.932520602435 ) 
                  ( 703.651685393259 761.23595505618 1571.46142843107 591.932520602435 ) 
                  ( 703.651685393259 761.23595505618 1422.40097646793 877.440617054903 ) 
                  ( 426.966292134831 912.921348314607 1422.40097646793 877.440617054903 ) 
                  ( 426.966292134831 912.921348314607 1076.12208036895 938.211416701412 ) 
                  ( 183.988764044944 827.247191011236 1076.12208036895 938.211416701412 ) 
                  ( 183.988764044944 827.247191011236 843.35845153421 829.282624882198 ) 
                  ( 56.179775280899 601.123595505618 843.35845153421 829.282624882198 ) ) 
               ( 
                  ( 500 567.415730337079 1358.19032023766 492.176679673259 ) 
                  ( 500 567.415730337079 1430.42730849672 620.597992133807 ) 
                  ( 526.685393258427 700.842696629214 1430.42730849672 620.597992133807 ) 
                  ( 526.685393258427 700.842696629214 1316.91204123248 769.658444096943 ) 
                  ( 415.730337078652 772.47191011236 1316.91204123248 769.658444096943 ) 
                  ( 415.730337078652 772.47191011236 1156.3854006568 814.376579685884 ) 
                  ( 257.022471910112 728.932584269663 1156.3854006568 814.376579685884 ) 
                  ( 257.022471910112 728.932584269663 1029.1107070575 754.75239890063 ) 
                  ( 192.415730337079 610.955056179775 1029.1107070575 754.75239890063 ) 
                  ( 192.415730337079 610.955056179775 1037.13703908629 618.304754411297 ) 
                  ( 272.47191011236 457.865168539326 1037.13703908629 618.304754411297 ) 
                  ( 272.47191011236 457.865168539326 1358.19032023766 492.176679673259 ) ) ) ) ) ) )
