
( OBJECT mregion 
   ( ) mregion 
   ( 
      ( 
         ( "2024-01-01-00:00:00.000" "2024-01-02-00:00:00.000" TRUE TRUE ) 
         ( 
            ( 
               ( 
                  ( 123.606797749979 -380.422606518061 12.5581039058627 -199.605345685654 ) 
                  ( 123.606797749979 -380.422606518061 25.0666467128608 -198.422940262896 ) 
                  ( 123.606797749979 -380.422606518061 37.476262917145 -196.457450145738 ) 
                  ( 123.606797749979 -380.422606518061 49.737977432971 -193.716632225726 ) 
                  ( 123.606797749979 -380.422606518061 61.8033988749894 -190.211303259031 ) 
                  ( 123.606797749979 -380.422606518061 73.6249105369356 -185.95529717765 ) 
                  ( 123.606797749979 -380.422606518061 85.1558583130145 -180.965410493204 ) 
                  ( 123.606797749979 -380.422606518061 96.3507348203431 -175.261336008773 ) 
                  ( 123.606797749979 -380.422606518061 107.165358995799 -168.865585100403 ) 
                  ( 123.606797749979 -380.422606518061 117.557050458495 -161.803398874989 ) 
                  ( 323.606797749979 -235.114100916989 117.557050458495 -161.803398874989 ) 
                  ( 323.606797749979 -235.114100916989 127.484797949738 -154.102648555158 ) 
                  ( 323.606797749979 -235.114100916989 136.909421185738 -145.793725484282 ) 
                  ( 323.606797749979 -235.114100916989 145.793725484282 -136.909421185738 ) 
                  ( 323.606797749979 -235.114100916989 154.102648555158 -127.484797949738 ) 
                  ( 323.606797749979 -235.114100916989 161.80339887499 -117.557050458495 ) 
                  ( 323.606797749979 -235.114100916989 168.865585100403 -107.165358995799 ) 
                  ( 323.606797749979 -235.114100916989 175.261336008773 -96.3507348203431 ) 
                  ( 323.606797749979 -235.114100916989 180.965410493204 -85.1558583130144 ) 
                  ( 323.606797749979 -235.114100916989 185.95529717765 -73.6249105369356 ) 
                  ( 323.606797749979 -235.114100916989 190.211303259031 -61.8033988749894 ) 
                  ( 400 0 190.211303259031 -61.8033988749894 ) 
                  ( 400 0 193.716632225726 -49.7379774329709 ) 
                  ( 400 0 196.457450145738 -37.4762629171449 ) 
                  ( 400 0 198.422940262896 -25.0666467128608 ) 
                  ( 400 0 199.605345685654 -12.5581039058627 ) 
                  ( 400 0 200 0 ) 
                  ( 400 0 199.605345685654 12.5581039058627 ) 
                  ( 400 0 198.422940262896 25.0666467128609 ) 
                  ( 400 0 196.457450145738 37.4762629171449 ) 
                  ( 400 0 193.716632225726 49.737977432971 ) 
                  ( 400 0 190.211303259031 61.8033988749895 ) 
                  ( 323.606797749979 235.114100916989 190.211303259031 61.8033988749895 ) 
                  ( 323.606797749979 235.114100916989 185.95529717765 73.6249105369356 ) 
                  ( 323.606797749979 235.114100916989 180.965410493204 85.1558583130145 ) 
                  ( 323.606797749979 235.114100916989 175.261336008773 96.3507348203431 ) 
                  ( 323.606797749979 235.114100916989 168.865585100403 107.165358995799 ) 
                  ( 323.606797749979 235.114100916989 161.803398874989 117.557050458495 ) 
                  ( 323.606797749979 235.114100916989 154.102648555158 127.484797949738 ) 
                  ( 323.606797749979 235.114100916989 145.793725484282 136.909421185738 ) 
                  ( 323.606797749979 235.114100916989 136.909421185738 145.793725484282 ) 
                  ( 323.606797749979 235.114100916989 127.484797949738 154.102648555158 ) 
                  ( 323.606797749979 235.114100916989 117.557050458495 161.803398874989 ) 
                  ( 123.606797749979 380.422606518061 117.557050458495 161.803398874989 ) 
                  ( 123.606797749979 380.422606518061 107.165358995799 168.865585100403 ) 
                  ( 123.606797749979 380.422606518061 96.350734820343 175.261336008773 ) 
                  ( 123.606797749979 380.422606518061 85.1558583130145 180.965410493204 ) 
                  ( 123.606797749979 380.422606518061 73.6249105369356 185.95529717765 ) 
                  ( 123.606797749979 380.422606518061 61.8033988749895 190.211303259031 ) 
                  ( 123.606797749979 380.422606518061 49.737977432971 193.716632225726 ) 
                  ( 123.606797749979 380.422606518061 37.4762629171449 196.457450145738 ) 
                  ( 123.606797749979 380.422606518061 25.0666467128609 198.422940262896 ) 
                  ( 123.606797749979 380.422606518061 12.5581039058627 199.605345685654 ) 
                  ( 123.606797749979 380.422606518061 0 200 ) 
                  ( -123.606797749979 380.422606518061 0 200 ) 
                  ( -123.606797749979 380.422606518061 -12.5581039058627 199.605345685654 ) 
                  ( -123.606797749979 380.422606518061 -25.0666467128609 198.422940262896 ) 
                  ( -123.606797749979 380.422606518061 -37.476262917145 196.457450145738 ) 
                  ( -123.606797749979 380.422606518061 -49.737977432971 193.716632225726 ) 
                  ( -123.606797749979 380.422606518061 -61.8033988749895 190.211303259031 ) 
                  ( -123.606797749979 380.422606518061 -73.6249105369356 185.95529717765 ) 
                  ( -123.606797749979 380.422606518061 -85.1558583130145 180.965410493204 ) 
                  ( -123.606797749979 380.422606518061 -96.3507348203431 175.261336008773 ) 
                  ( -123.606797749979 380.422606518061 -107.165358995799 168.865585100403 ) 
                  ( -123.606797749979 380.422606518061 -117.557050458495 161.803398874989 ) 
                  ( -323.606797749979 235.114100916989 -117.557050458495 161.803398874989 ) 
                  ( -323.606797749979 235.114100916989 -127.484797949738 154.102648555158 ) 
                  ( -323.606797749979 235.114100916989 -136.909421185738 145.793725484282 ) 
                  ( -323.606797749979 235.114100916989 -145.793725484282 136.909421185738 ) 
                  ( -323.606797749979 235.114100916989 -154.102648555158 127.484797949738 ) 
                  ( -323.606797749979 235.114100916989 -161.803398874989 117.557050458495 ) 
                  ( -323.606797749979 235.114100916989 -168.865585100403 107.165358995799 ) 
                  ( -323.606797749979 235.114100916989 -175.261336008773 96.350734820343 ) 
                  ( -323.606797749979 235.114100916989 -180.965410493204 85.1558583130145 ) 
                  ( -323.606797749979 235.114100916989 -185.95529717765 73.6249105369355 ) 
                  ( -323.606797749979 235.114100916989 -190.211303259031 61.8033988749894 ) 
                  ( -400 0 -190.211303259031 61.8033988749894 ) 
                  ( -400 0 -193.716632225726 49.737977432971 ) 
                  ( -400 0 -196.457450145738 37.4762629171449 ) 
                  ( -400 0 -198.422940262896 25.0666467128608 ) 
                  ( -400 0 -199.605345685654 12.5581039058626 ) 
                  ( -400 0 -200 0 ) 
                  ( -400 0 -199.605345685654 -12.5581039058627 ) 
                  ( -400 0 -198.422940262896 -25.0666467128609 ) 
                  ( -400 0 -196.457450145738 -37.476262917145 ) 
                  ( -400 0 -193.716632225726 -49.737977432971 ) 
                  ( -400 0 -190.211303259031 -61.8033988749895 ) 
                  ( -323.606797749979 -235.114100916989 -190.211303259031 -61.8033988749895 ) 
                  ( -323.606797749979 -235.114100916989 -185.95529717765 -73.6249105369357 ) 
                  ( -323.606797749979 -235.114100916989 -180.965410493204 -85.1558583130145 ) 
                  ( -323.606797749979 -235.114100916989 -175.261336008773 -96.3507348203431 ) 
                  ( -323.606797749979 -235.114100916989 -168.865585100403 -107.165358995799 ) 
                  ( -323.606797749979 -235.114100916989 -161.803398874989 -117.557050458495 ) 
                  ( -323.606797749979 -235.114100916989 -154.102648555158 -127.484797949738 ) 
                  ( -323.606797749979 -235.114100916989 -145.793725484282 -136.909421185738 ) 
                  ( -323.606797749979 -235.114100916989 -136.909421185738 -145.793725484282 ) 
                  ( -323.606797749979 -235.114100916989 -127.484797949738 -154.102648555158 ) 
                  ( -323.606797749979 -235.114100916989 -117.557050458495 -161.803398874989 ) 
                  ( -123.606797749979 -380.422606518061 -117.557050458495 -161.803398874989 ) 
                  ( -123.606797749979 -380.422606518061 -107.165358995799 -168.865585100403 ) 
                  ( -123.606797749979 -380.422606518061 -96.350734820343 -175.261336008773 ) 
                  ( -123.606797749979 -380.422606518061 -85.1558583130144 -180.965410493204 ) 
                  ( -123.606797749979 -380.422606518061 -73.6249105369356 -185.95529717765 ) 
                  ( -123.606797749979 -380.422606518061 -61.8033988749895 -190.211303259031 ) 
                  ( -123.606797749979 -380.422606518061 -49.7379774329709 -193.716632225726 ) 
                  ( -123.606797749979 -380.422606518061 -37.4762629171449 -196.457450145738 ) 
                  ( -123.606797749979 -380.422606518061 -25.0666467128607 -198.422940262896 ) 
                  ( -123.606797749979 -380.422606518061 -12.5581039058626 -199.605345685654 ) 
                  ( -123.606797749979 -380.422606518061 0 -200 ) 
                  ( 123.606797749979 -380.422606518061 0 -200 ) ) ) ) ) ) )
