
( OBJECT mregion 
   ( ) mregion 
   ( 
      ( 
         ( "2024-01-01-00:00:00.000" "2024-01-02-00:00:00.000" TRUE TRUE ) 
         ( 
            ( 
               ( 
                  ( 123.606797749979 -380.422606518061 4.18848397667127 -199.956136694969 ) 
                  ( 123.606797749979 -380.422606518061 12.5581039058626 -199.605345685654 ) 
                  ( 123.606797749979 -380.422606518061 20.9056926535306 -198.904379073655 ) 
                  ( 123.606797749979 -380.422606518061 29.2166057124822 -197.854466592598 ) 
                  ( 123.606797749979 -380.422606518061 37.4762629171449 -196.457450145738 ) 
                  ( 123.606797749979 -380.422606518061 45.6701740221311 -194.715780574632 ) 
                  ( 123.606797749979 -380.422606518061 53.7839641230531 -192.632513359532 ) 
                  ( 123.606797749979 -380.422606518061 61.8033988749894 -190.211303259031 ) 
                  ( 123.606797749979 -380.422606518061 69.7144094643628 -187.456397898378 ) 
                  ( 123.606797749979 -380.422606518061 77.5031172904204 -184.3726303177 ) 
                  ( 123.606797749979 -380.422606518061 85.1558583130144 -180.965410493204 ) 
                  ( 123.606797749979 -380.422606518061 92.6592070239722 -177.240715846243 ) 
                  ( 123.606797749979 -380.422606518061 99.9999999999999 -173.205080756888 ) 
                  ( 123.606797749979 -380.422606518061 107.165358995799 -168.865585100403 ) 
                  ( 123.606797749979 -380.422606518061 114.142713536886 -164.229841826741 ) 
                  ( 123.606797749979 -380.422606518061 120.919822972475 -159.305983604839 ) 
                  ( 323.606797749979 -235.114100916989 120.919822972475 -159.305983604839 ) 
                  ( 323.606797749979 -235.114100916989 127.484797949738 -154.102648555158 ) 
                  ( 323.606797749979 -235.114100916989 133.826121271772 -148.628965095479 ) 
                  ( 323.606797749979 -235.114100916989 139.932668102673 -142.894535926561 ) 
                  ( 323.606797749979 -235.114100916989 145.793725484282 -136.909421185738 ) 
                  ( 323.606797749979 -235.114100916989 151.399011130351 -130.684120798021 ) 
                  ( 323.606797749979 -235.114100916989 156.738691465168 -124.229556055662 ) 
                  ( 323.606797749979 -235.114100916989 161.803398874989 -117.557050458495 ) 
                  ( 323.606797749979 -235.114100916989 166.58424814202 -110.678309848669 ) 
                  ( 323.606797749979 -235.114100916989 171.072852032101 -103.605401874626 ) 
                  ( 323.606797749979 -235.114100916989 175.261336008773 -96.3507348203432 ) 
                  ( 323.606797749979 -235.114100916989 179.142352047882 -88.9270358369857 ) 
                  ( 323.606797749979 -235.114100916989 182.70909152852 -81.3473286151602 ) 
                  ( 323.606797749979 -235.114100916989 185.95529717765 -73.6249105369357 ) 
                  ( 323.606797749979 -235.114100916989 188.875274047496 -65.7733293477168 ) 
                  ( 323.606797749979 -235.114100916989 191.463899506413 -57.8063593888944 ) 
                  ( 400 0 191.463899506413 -57.8063593888944 ) 
                  ( 400 0 193.716632225726 -49.7379774329711 ) 
                  ( 400 0 195.629520146761 -41.582338163552 ) 
                  ( 400 0 197.199207414101 -33.3537493432205 ) 
                  ( 400 0 198.422940262896 -25.0666467128609 ) 
                  ( 400 0 199.298571849901 -16.7355686664632 ) 
                  ( 400 0 199.824566019772 -8.37513074583999 ) 
                  ( 400 0 200 0 ) 
                  ( 400 0 199.824566019772 8.37513074583993 ) 
                  ( 400 0 199.298571849901 16.7355686664631 ) 
                  ( 400 0 198.422940262896 25.0666467128608 ) 
                  ( 400 0 197.199207414101 33.3537493432204 ) 
                  ( 400 0 195.629520146761 41.5823381635519 ) 
                  ( 400 0 193.716632225726 49.737977432971 ) 
                  ( 400 0 191.463899506413 57.8063593888943 ) 
                  ( 400 0 188.875274047496 65.7733293477166 ) 
                  ( 323.606797749979 235.114100916989 188.875274047496 65.7733293477166 ) 
                  ( 323.606797749979 235.114100916989 185.95529717765 73.6249105369356 ) 
                  ( 323.606797749979 235.114100916989 182.70909152852 81.34732861516 ) 
                  ( 323.606797749979 235.114100916989 179.142352047883 88.9270358369855 ) 
                  ( 323.606797749979 235.114100916989 175.261336008773 96.350734820343 ) 
                  ( 323.606797749979 235.114100916989 171.072852032101 103.605401874626 ) 
                  ( 323.606797749979 235.114100916989 166.58424814202 110.678309848669 ) 
                  ( 323.606797749979 235.114100916989 161.803398874989 117.557050458495 ) 
                  ( 323.606797749979 235.114100916989 156.738691465168 124.229556055662 ) 
                  ( 323.606797749979 235.114100916989 151.399011130351 130.684120798021 ) 
                  ( 323.606797749979 235.114100916989 145.793725484282 136.909421185738 ) 
                  ( 323.606797749979 235.114100916989 139.932668102673 142.894535926561 ) 
                  ( 323.606797749979 235.114100916989 133.826121271772 148.628965095479 ) 
                  ( 323.606797749979 235.114100916989 127.484797949738 154.102648555158 ) 
                  ( 323.606797749979 235.114100916989 120.919822972475 159.305983604839 ) 
                  ( 323.606797749979 235.114100916989 114.142713536886 164.229841826741 ) 
                  ( 123.606797749979 380.422606518061 114.142713536886 164.229841826741 ) 
                  ( 123.606797749979 380.422606518061 107.165358995799 168.865585100403 ) 
                  ( 123.606797749979 380.422606518061 100 173.205080756888 ) 
                  ( 123.606797749979 380.422606518061 92.6592070239724 177.240715846243 ) 
                  ( 123.606797749979 380.422606518061 85.1558583130146 180.965410493204 ) 
                  ( 123.606797749979 380.422606518061 77.5031172904206 184.3726303177 ) 
                  ( 123.606797749979 380.422606518061 69.7144094643631 187.456397898378 ) 
                  ( 123.606797749979 380.422606518061 61.8033988749895 190.211303259031 ) 
                  ( 123.606797749979 380.422606518061 53.7839641230532 192.632513359532 ) 
                  ( 123.606797749979 380.422606518061 45.6701740221312 194.715780574632 ) 
                  ( 123.606797749979 380.422606518061 37.476262917145 196.457450145738 ) 
                  ( 123.606797749979 380.422606518061 29.2166057124824 197.854466592598 ) 
                  ( 123.606797749979 380.422606518061 20.9056926535307 198.904379073655 ) 
                  ( 123.606797749979 380.422606518061 12.5581039058627 199.605345685654 ) 
                  ( 123.606797749979 380.422606518061 4.18848397667141 199.956136694969 ) 
                  ( -123.606797749979 380.422606518061 4.18848397667141 199.956136694969 ) 
                  ( -123.606797749979 380.422606518061 -4.18848397667134 199.956136694969 ) 
                  ( -123.606797749979 380.422606518061 -12.5581039058626 199.605345685654 ) 
                  ( -123.606797749979 380.422606518061 -20.9056926535307 198.904379073655 ) 
                  ( -123.606797749979 380.422606518061 -29.2166057124823 197.854466592598 ) 
                  ( -123.606797749979 380.422606518061 -37.4762629171449 196.457450145738 ) 
                  ( -123.606797749979 380.422606518061 -45.6701740221311 194.715780574632 ) 
                  ( -123.606797749979 380.422606518061 -53.7839641230531 192.632513359532 ) 
                  ( -123.606797749979 380.422606518061 -61.8033988749894 190.211303259031 ) 
                  ( -123.606797749979 380.422606518061 -69.714409464363 187.456397898378 ) 
                  ( -123.606797749979 380.422606518061 -77.5031172904206 184.3726303177 ) 
                  ( -123.606797749979 380.422606518061 -85.1558583130145 180.965410493204 ) 
                  ( -123.606797749979 380.422606518061 -92.6592070239723 177.240715846243 ) 
                  ( -123.606797749979 380.422606518061 -100 173.205080756888 ) 
                  ( -123.606797749979 380.422606518061 -107.165358995799 168.865585100403 ) 
                  ( -123.606797749979 380.422606518061 -114.142713536886 164.229841826741 ) 
                  ( -323.606797749979 235.114100916989 -114.142713536886 164.229841826741 ) 
                  ( -323.606797749979 235.114100916989 -120.919822972475 159.305983604839 ) 
                  ( -323.606797749979 235.114100916989 -127.484797949738 154.102648555158 ) 
                  ( -323.606797749979 235.114100916989 -133.826121271772 148.628965095479 ) 
                  ( -323.606797749979 235.114100916989 -139.932668102673 142.894535926561 ) 
                  ( -323.606797749979 235.114100916989 -145.793725484282 136.909421185738 ) 
                  ( -323.606797749979 235.114100916989 -151.399011130351 130.684120798021 ) 
                  ( -323.606797749979 235.114100916989 -156.738691465168 124.229556055662 ) 
                  ( -323.606797749979 235.114100916989 -161.803398874989 117.557050458495 ) 
                  ( -323.606797749979 235.114100916989 -166.58424814202 110.678309848669 ) 
                  ( -323.606797749979 235.114100916989 -171.072852032101 103.605401874626 ) 
                  ( -323.606797749979 235.114100916989 -175.261336008773 96.3507348203431 ) 
                  ( -323.606797749979 235.114100916989 -179.142352047883 88.9270358369856 ) 
                  ( -323.606797749979 235.114100916989 -182.70909152852 81.3473286151601 ) 
                  ( -323.606797749979 235.114100916989 -185.95529717765 73.6249105369356 ) 
                  ( -323.606797749979 235.114100916989 -188.875274047496 65.7733293477167 ) 
                  ( -323.606797749979 235.114100916989 -191.463899506413 57.8063593888944 ) 
                  ( -400 0 -191.463899506413 57.8063593888944 ) 
                  ( -400 0 -193.716632225726 49.7379774329711 ) 
                  ( -400 0 -195.629520146761 41.5823381635519 ) 
                  ( -400 0 -197.199207414101 33.3537493432205 ) 
                  ( -400 0 -198.422940262896 25.0666467128609 ) 
                  ( -400 0 -199.298571849901 16.7355686664631 ) 
                  ( -400 0 -199.824566019772 8.37513074583996 ) 
                  ( -400 0 -200 0 ) 
                  ( -400 0 -199.824566019772 -8.37513074583982 ) 
                  ( -400 0 -199.298571849901 -16.735568666463 ) 
                  ( -400 0 -198.422940262896 -25.0666467128608 ) 
                  ( -400 0 -197.199207414101 -33.3537493432204 ) 
                  ( -400 0 -195.629520146761 -41.5823381635518 ) 
                  ( -400 0 -193.716632225726 -49.7379774329709 ) 
                  ( -400 0 -191.463899506413 -57.8063593888942 ) 
                  ( -323.606797749979 -235.114100916989 -191.463899506413 -57.8063593888942 ) 
                  ( -323.606797749979 -235.114100916989 -188.875274047496 -65.7733293477165 ) 
                  ( -323.606797749979 -235.114100916989 -185.95529717765 -73.6249105369355 ) 
                  ( -323.606797749979 -235.114100916989 -182.70909152852 -81.34732861516 ) 
                  ( -323.606797749979 -235.114100916989 -179.142352047883 -88.9270358369854 ) 
                  ( -323.606797749979 -235.114100916989 -175.261336008773 -96.350734820343 ) 
                  ( -323.606797749979 -235.114100916989 -171.072852032101 -103.605401874626 ) 
                  ( -323.606797749979 -235.114100916989 -166.58424814202 -110.678309848669 ) 
                  ( -323.606797749979 -235.114100916989 -161.80339887499 -117.557050458495 ) 
                  ( -323.606797749979 -235.114100916989 -156.738691465168 -124.229556055662 ) 
                  ( -323.606797749979 -235.114100916989 -151.399011130351 -130.684120798021 ) 
                  ( -323.606797749979 -235.114100916989 -145.793725484282 -136.909421185738 ) 
                  ( -323.606797749979 -235.114100916989 -139.932668102673 -142.894535926561 ) 
                  ( -323.606797749979 -235.114100916989 -133.826121271772 -148.628965095479 ) 
                  ( -323.606797749979 -235.114100916989 -127.484797949738 -154.102648555158 ) 
                  ( -323.606797749979 -235.114100916989 -120.919822972475 -159.305983604839 ) 
                  ( -123.606797749979 -380.422606518061 -120.919822972475 -159.305983604839 ) 
                  ( -123.606797749979 -380.422606518061 -114.142713536886 -164.229841826741 ) 
                  ( -123.606797749979 -380.422606518061 -107.165358995799 -168.865585100403 ) 
                  ( -123.606797749979 -380.422606518061 -100 -173.205080756888 ) 
                  ( -123.606797749979 -380.422606518061 -92.6592070239724 -177.240715846243 ) 
                  ( -123.606797749979 -380.422606518061 -85.1558583130146 -180.965410493204 ) 
                  ( -123.606797749979 -380.422606518061 -77.5031172904206 -184.3726303177 ) 
                  ( -123.606797749979 -380.422606518061 -69.7144094643631 -187.456397898378 ) 
                  ( -123.606797749979 -380.422606518061 -61.8033988749895 -190.211303259031 ) 
                  ( -123.606797749979 -380.422606518061 -53.7839641230532 -192.632513359532 ) 
                  ( -123.606797749979 -380.422606518061 -45.6701740221313 -194.715780574632 ) 
                  ( -123.606797749979 -380.422606518061 -37.4762629171451 -196.457450145738 ) 
                  ( -123.606797749979 -380.422606518061 -29.2166057124825 -197.854466592598 ) 
                  ( -123.606797749979 -380.422606518061 -20.9056926535308 -198.904379073655 ) 
                  ( -123.606797749979 -380.422606518061 -12.5581039058628 -199.605345685654 ) 
                  ( -123.606797749979 -380.422606518061 -4.18848397667152 -199.956136694969 ) 
                  ( 123.606797749979 -380.422606518061 -4.18848397667152 -199.956136694969 ) ) ) ) ) ) )
