
( OBJECT mregion 
   ( ) mregion 
   ( 
      ( 
         ( "2024-01-01-00:00:00.000" "2024-01-02-00:00:00.000" TRUE TRUE ) 
         ( 
            ( 
               ( 
                  ( 123.606797749979 -380.422606518061 6.28215181562576 -199.901312073146 ) 
                  ( 123.606797749979 -380.422606518061 12.5581039058627 -199.605345685654 ) 
                  ( 123.606797749979 -380.422606518061 18.8216626637029 -199.112392920616 ) 
                  ( 123.606797749979 -380.422606518061 25.0666467128608 -198.422940262896 ) 
                  ( 123.606797749979 -380.422606518061 31.2868930080461 -197.537668119028 ) 
                  ( 123.606797749979 -380.422606518061 37.476262917145 -196.457450145738 ) 
                  ( 123.606797749979 -380.422606518061 43.6286482793086 -195.183352387749 ) 
                  ( 123.606797749979 -380.422606518061 49.737977432971 -193.716632225726 ) 
                  ( 123.606797749979 -380.422606518061 55.7982212078458 -192.058737135389 ) 
                  ( 123.606797749979 -380.422606518061 61.8033988749894 -190.211303259031 ) 
                  ( 123.606797749979 -380.422606518061 67.7475840490584 -188.176153790845 ) 
                  ( 123.606797749979 -380.422606518061 73.6249105369356 -185.95529717765 ) 
                  ( 123.606797749979 -380.422606518061 79.4295781269561 -183.550925136796 ) 
                  ( 123.606797749979 -380.422606518061 85.1558583130145 -180.965410493204 ) 
                  ( 123.606797749979 -380.422606518061 90.7980999479095 -178.201304837674 ) 
                  ( 123.606797749979 -380.422606518061 96.3507348203431 -175.261336008773 ) 
                  ( 123.606797749979 -380.422606518061 101.808283150074 -172.148405400789 ) 
                  ( 123.606797749979 -380.422606518061 107.165358995799 -168.865585100403 ) 
                  ( 123.606797749979 -380.422606518061 112.416675570426 -165.416114854912 ) 
                  ( 123.606797749979 -380.422606518061 117.557050458495 -161.803398874989 ) 
                  ( 323.606797749979 -235.114100916989 117.557050458495 -161.803398874989 ) 
                  ( 323.606797749979 -235.114100916989 122.581410730595 -158.031002475138 ) 
                  ( 323.606797749979 -235.114100916989 127.484797949738 -154.102648555158 ) 
                  ( 323.606797749979 -235.114100916989 132.26237306473 -150.022213926092 ) 
                  ( 323.606797749979 -235.114100916989 136.909421185738 -145.793725484282 ) 
                  ( 323.606797749979 -235.114100916989 141.42135623731 -141.421356237309 ) 
                  ( 323.606797749979 -235.114100916989 145.793725484282 -136.909421185738 ) 
                  ( 323.606797749979 -235.114100916989 150.022213926092 -132.26237306473 ) 
                  ( 323.606797749979 -235.114100916989 154.102648555158 -127.484797949738 ) 
                  ( 323.606797749979 -235.114100916989 158.031002475138 -122.581410730595 ) 
                  ( 323.606797749979 -235.114100916989 161.80339887499 -117.557050458495 ) 
                  ( 323.606797749979 -235.114100916989 165.416114854912 -112.416675570426 ) 
                  ( 323.606797749979 -235.114100916989 168.865585100403 -107.165358995799 ) 
                  ( 323.606797749979 -235.114100916989 172.148405400789 -101.808283150074 ) 
                  ( 323.606797749979 -235.114100916989 175.261336008773 -96.3507348203431 ) 
                  ( 323.606797749979 -235.114100916989 178.201304837674 -90.7980999479092 ) 
                  ( 323.606797749979 -235.114100916989 180.965410493204 -85.1558583130144 ) 
                  ( 323.606797749979 -235.114100916989 183.550925136796 -79.4295781269561 ) 
                  ( 323.606797749979 -235.114100916989 185.95529717765 -73.6249105369356 ) 
                  ( 323.606797749979 -235.114100916989 188.176153790845 -67.7475840490583 ) 
                  ( 323.606797749979 -235.114100916989 190.211303259031 -61.8033988749894 ) 
                  ( 400 0 190.211303259031 -61.8033988749894 ) 
                  ( 400 0 192.058737135389 -55.7982212078458 ) 
                  ( 400 0 193.716632225726 -49.7379774329709 ) 
                  ( 400 0 195.183352387749 -43.6286482793085 ) 
                  ( 400 0 196.457450145738 -37.4762629171449 ) 
                  ( 400 0 197.537668119028 -31.286893008046 ) 
                  ( 400 0 198.422940262896 -25.0666467128608 ) 
                  ( 400 0 199.112392920616 -18.8216626637028 ) 
                  ( 400 0 199.605345685654 -12.5581039058627 ) 
                  ( 400 0 199.901312073146 -6.28215181562567 ) 
                  ( 400 0 200 0 ) 
                  ( 400 0 199.901312073146 6.28215181562566 ) 
                  ( 400 0 199.605345685654 12.5581039058627 ) 
                  ( 400 0 199.112392920616 18.8216626637029 ) 
                  ( 400 0 198.422940262896 25.0666467128609 ) 
                  ( 400 0 197.537668119028 31.2868930080462 ) 
                  ( 400 0 196.457450145738 37.4762629171449 ) 
                  ( 400 0 195.183352387749 43.6286482793085 ) 
                  ( 400 0 193.716632225726 49.737977432971 ) 
                  ( 400 0 192.058737135389 55.7982212078459 ) 
                  ( 400 0 190.211303259031 61.8033988749895 ) 
                  ( 323.606797749979 235.114100916989 190.211303259031 61.8033988749895 ) 
                  ( 323.606797749979 235.114100916989 188.176153790845 67.7475840490583 ) 
                  ( 323.606797749979 235.114100916989 185.95529717765 73.6249105369356 ) 
                  ( 323.606797749979 235.114100916989 183.550925136796 79.4295781269561 ) 
                  ( 323.606797749979 235.114100916989 180.965410493204 85.1558583130145 ) 
                  ( 323.606797749979 235.114100916989 178.201304837674 90.7980999479094 ) 
                  ( 323.606797749979 235.114100916989 175.261336008773 96.3507348203431 ) 
                  ( 323.606797749979 235.114100916989 172.148405400789 101.808283150074 ) 
                  ( 323.606797749979 235.114100916989 168.865585100403 107.165358995799 ) 
                  ( 323.606797749979 235.114100916989 165.416114854912 112.416675570426 ) 
                  ( 323.606797749979 235.114100916989 161.803398874989 117.557050458495 ) 
                  ( 323.606797749979 235.114100916989 158.031002475138 122.581410730595 ) 
                  ( 323.606797749979 235.114100916989 154.102648555158 127.484797949738 ) 
                  ( 323.606797749979 235.114100916989 150.022213926092 132.26237306473 ) 
                  ( 323.606797749979 235.114100916989 145.793725484282 136.909421185738 ) 
                  ( 323.606797749979 235.114100916989 141.421356237309 141.42135623731 ) 
                  ( 323.606797749979 235.114100916989 136.909421185738 145.793725484282 ) 
                  ( 323.606797749979 235.114100916989 132.26237306473 150.022213926092 ) 
                  ( 323.606797749979 235.114100916989 127.484797949738 154.102648555158 ) 
                  ( 323.606797749979 235.114100916989 122.581410730595 158.031002475138 ) 
                  ( 323.606797749979 235.114100916989 117.557050458495 161.803398874989 ) 
                  ( 123.606797749979 380.422606518061 117.557050458495 161.803398874989 ) 
                  ( 123.606797749979 380.422606518061 112.416675570426 165.416114854912 ) 
                  ( 123.606797749979 380.422606518061 107.165358995799 168.865585100403 ) 
                  ( 123.606797749979 380.422606518061 101.808283150074 172.148405400789 ) 
                  ( 123.606797749979 380.422606518061 96.350734820343 175.261336008773 ) 
                  ( 123.606797749979 380.422606518061 90.7980999479094 178.201304837674 ) 
                  ( 123.606797749979 380.422606518061 85.1558583130145 180.965410493204 ) 
                  ( 123.606797749979 380.422606518061 79.4295781269561 183.550925136796 ) 
                  ( 123.606797749979 380.422606518061 73.6249105369356 185.95529717765 ) 
                  ( 123.606797749979 380.422606518061 67.7475840490582 188.176153790845 ) 
                  ( 123.606797749979 380.422606518061 61.8033988749895 190.211303259031 ) 
                  ( 123.606797749979 380.422606518061 55.7982212078459 192.058737135389 ) 
                  ( 123.606797749979 380.422606518061 49.737977432971 193.716632225726 ) 
                  ( 123.606797749979 380.422606518061 43.6286482793085 195.183352387749 ) 
                  ( 123.606797749979 380.422606518061 37.4762629171449 196.457450145738 ) 
                  ( 123.606797749979 380.422606518061 31.2868930080461 197.537668119028 ) 
                  ( 123.606797749979 380.422606518061 25.0666467128609 198.422940262896 ) 
                  ( 123.606797749979 380.422606518061 18.8216626637029 199.112392920616 ) 
                  ( 123.606797749979 380.422606518061 12.5581039058627 199.605345685654 ) 
                  ( 123.606797749979 380.422606518061 6.28215181562563 199.901312073146 ) 
                  ( 123.606797749979 380.422606518061 0 200 ) 
                  ( -123.606797749979 380.422606518061 0 200 ) 
                  ( -123.606797749979 380.422606518061 -6.28215181562566 199.901312073146 ) 
                  ( -123.606797749979 380.422606518061 -12.5581039058627 199.605345685654 ) 
                  ( -123.606797749979 380.422606518061 -18.8216626637029 199.112392920616 ) 
                  ( -123.606797749979 380.422606518061 -25.0666467128609 198.422940262896 ) 
                  ( -123.606797749979 380.422606518061 -31.2868930080462 197.537668119028 ) 
                  ( -123.606797749979 380.422606518061 -37.476262917145 196.457450145738 ) 
                  ( -123.606797749979 380.422606518061 -43.6286482793085 195.183352387749 ) 
                  ( -123.606797749979 380.422606518061 -49.737977432971 193.716632225726 ) 
                  ( -123.606797749979 380.422606518061 -55.7982212078459 192.058737135389 ) 
                  ( -123.606797749979 380.422606518061 -61.8033988749895 190.211303259031 ) 
                  ( -123.606797749979 380.422606518061 -67.7475840490583 188.176153790845 ) 
                  ( -123.606797749979 380.422606518061 -73.6249105369356 185.95529717765 ) 
                  ( -123.606797749979 380.422606518061 -79.4295781269561 183.550925136796 ) 
                  ( -123.606797749979 380.422606518061 -85.1558583130145 180.965410493204 ) 
                  ( -123.606797749979 380.422606518061 -90.7980999479093 178.201304837674 ) 
                  ( -123.606797749979 380.422606518061 -96.3507348203431 175.261336008773 ) 
                  ( -123.606797749979 380.422606518061 -101.808283150074 172.148405400789 ) 
                  ( -123.606797749979 380.422606518061 -107.165358995799 168.865585100403 ) 
                  ( -123.606797749979 380.422606518061 -112.416675570426 165.416114854912 ) 
                  ( -123.606797749979 380.422606518061 -117.557050458495 161.803398874989 ) 
                  ( -323.606797749979 235.114100916989 -117.557050458495 161.803398874989 ) 
                  ( -323.606797749979 235.114100916989 -122.581410730595 158.031002475138 ) 
                  ( -323.606797749979 235.114100916989 -127.484797949738 154.102648555158 ) 
                  ( -323.606797749979 235.114100916989 -132.26237306473 150.022213926092 ) 
                  ( -323.606797749979 235.114100916989 -136.909421185738 145.793725484282 ) 
                  ( -323.606797749979 235.114100916989 -141.421356237309 141.42135623731 ) 
                  ( -323.606797749979 235.114100916989 -145.793725484282 136.909421185738 ) 
                  ( -323.606797749979 235.114100916989 -150.022213926092 132.26237306473 ) 
                  ( -323.606797749979 235.114100916989 -154.102648555158 127.484797949738 ) 
                  ( -323.606797749979 235.114100916989 -158.031002475138 122.581410730595 ) 
                  ( -323.606797749979 235.114100916989 -161.803398874989 117.557050458495 ) 
                  ( -323.606797749979 235.114100916989 -165.416114854912 112.416675570426 ) 
                  ( -323.606797749979 235.114100916989 -168.865585100403 107.165358995799 ) 
                  ( -323.606797749979 235.114100916989 -172.148405400789 101.808283150074 ) 
                  ( -323.606797749979 235.114100916989 -175.261336008773 96.350734820343 ) 
                  ( -323.606797749979 235.114100916989 -178.201304837674 90.7980999479093 ) 
                  ( -323.606797749979 235.114100916989 -180.965410493204 85.1558583130145 ) 
                  ( -323.606797749979 235.114100916989 -183.550925136796 79.4295781269561 ) 
                  ( -323.606797749979 235.114100916989 -185.95529717765 73.6249105369355 ) 
                  ( -323.606797749979 235.114100916989 -188.176153790845 67.7475840490583 ) 
                  ( -323.606797749979 235.114100916989 -190.211303259031 61.8033988749894 ) 
                  ( -400 0 -190.211303259031 61.8033988749894 ) 
                  ( -400 0 -192.058737135389 55.7982212078458 ) 
                  ( -400 0 -193.716632225726 49.737977432971 ) 
                  ( -400 0 -195.183352387749 43.6286482793085 ) 
                  ( -400 0 -196.457450145738 37.4762629171449 ) 
                  ( -400 0 -197.537668119028 31.2868930080461 ) 
                  ( -400 0 -198.422940262896 25.0666467128608 ) 
                  ( -400 0 -199.112392920616 18.8216626637029 ) 
                  ( -400 0 -199.605345685654 12.5581039058626 ) 
                  ( -400 0 -199.901312073146 6.28215181562565 ) 
                  ( -400 0 -200 0 ) 
                  ( -400 0 -199.901312073146 -6.28215181562569 ) 
                  ( -400 0 -199.605345685654 -12.5581039058627 ) 
                  ( -400 0 -199.112392920616 -18.8216626637029 ) 
                  ( -400 0 -198.422940262896 -25.0666467128609 ) 
                  ( -400 0 -197.537668119028 -31.2868930080462 ) 
                  ( -400 0 -196.457450145738 -37.476262917145 ) 
                  ( -400 0 -195.183352387749 -43.6286482793085 ) 
                  ( -400 0 -193.716632225726 -49.737977432971 ) 
                  ( -400 0 -192.058737135389 -55.7982212078459 ) 
                  ( -400 0 -190.211303259031 -61.8033988749895 ) 
                  ( -323.606797749979 -235.114100916989 -190.211303259031 -61.8033988749895 ) 
                  ( -323.606797749979 -235.114100916989 -188.176153790845 -67.7475840490583 ) 
                  ( -323.606797749979 -235.114100916989 -185.95529717765 -73.6249105369357 ) 
                  ( -323.606797749979 -235.114100916989 -183.550925136796 -79.4295781269562 ) 
                  ( -323.606797749979 -235.114100916989 -180.965410493204 -85.1558583130145 ) 
                  ( -323.606797749979 -235.114100916989 -178.201304837674 -90.7980999479094 ) 
                  ( -323.606797749979 -235.114100916989 -175.261336008773 -96.3507348203431 ) 
                  ( -323.606797749979 -235.114100916989 -172.148405400789 -101.808283150074 ) 
                  ( -323.606797749979 -235.114100916989 -168.865585100403 -107.165358995799 ) 
                  ( -323.606797749979 -235.114100916989 -165.416114854912 -112.416675570426 ) 
                  ( -323.606797749979 -235.114100916989 -161.803398874989 -117.557050458495 ) 
                  ( -323.606797749979 -235.114100916989 -158.031002475138 -122.581410730595 ) 
                  ( -323.606797749979 -235.114100916989 -154.102648555158 -127.484797949738 ) 
                  ( -323.606797749979 -235.114100916989 -150.022213926092 -132.26237306473 ) 
                  ( -323.606797749979 -235.114100916989 -145.793725484282 -136.909421185738 ) 
                  ( -323.606797749979 -235.114100916989 -141.421356237309 -141.42135623731 ) 
                  ( -323.606797749979 -235.114100916989 -136.909421185738 -145.793725484282 ) 
                  ( -323.606797749979 -235.114100916989 -132.26237306473 -150.022213926092 ) 
                  ( -323.606797749979 -235.114100916989 -127.484797949738 -154.102648555158 ) 
                  ( -323.606797749979 -235.114100916989 -122.581410730595 -158.031002475138 ) 
                  ( -323.606797749979 -235.114100916989 -117.557050458495 -161.803398874989 ) 
                  ( -123.606797749979 -380.422606518061 -117.557050458495 -161.803398874989 ) 
                  ( -123.606797749979 -380.422606518061 -112.416675570426 -165.416114854912 ) 
                  ( -123.606797749979 -380.422606518061 -107.165358995799 -168.865585100403 ) 
                  ( -123.606797749979 -380.422606518061 -101.808283150074 -172.148405400789 ) 
                  ( -123.606797749979 -380.422606518061 -96.350734820343 -175.261336008773 ) 
                  ( -123.606797749979 -380.422606518061 -90.7980999479094 -178.201304837674 ) 
                  ( -123.606797749979 -380.422606518061 -85.1558583130144 -180.965410493204 ) 
                  ( -123.606797749979 -380.422606518061 -79.4295781269561 -183.550925136796 ) 
                  ( -123.606797749979 -380.422606518061 -73.6249105369356 -185.95529717765 ) 
                  ( -123.606797749979 -380.422606518061 -67.7475840490583 -188.176153790845 ) 
                  ( -123.606797749979 -380.422606518061 -61.8033988749895 -190.211303259031 ) 
                  ( -123.606797749979 -380.422606518061 -55.7982212078457 -192.058737135389 ) 
                  ( -123.606797749979 -380.422606518061 -49.7379774329709 -193.716632225726 ) 
                  ( -123.606797749979 -380.422606518061 -43.6286482793085 -195.183352387749 ) 
                  ( -123.606797749979 -380.422606518061 -37.4762629171449 -196.457450145738 ) 
                  ( -123.606797749979 -380.422606518061 -31.2868930080462 -197.537668119028 ) 
                  ( -123.606797749979 -380.422606518061 -25.0666467128607 -198.422940262896 ) 
                  ( -123.606797749979 -380.422606518061 -18.8216626637028 -199.112392920616 ) 
                  ( -123.606797749979 -380.422606518061 -12.5581039058626 -199.605345685654 ) 
                  ( -123.606797749979 -380.422606518061 -6.28215181562566 -199.901312073146 ) 
                  ( -123.606797749979 -380.422606518061 0 -200 ) 
                  ( 123.606797749979 -380.422606518061 0 -200 ) ) ) ) ) ) )
